[14.285675, 80.71561, -25.711565, 0.0, 3.4379165, -0.0, -0.0, 23.972128, 48.538223, 142.32259, 266.78018, 78.980095, 0.0, -6.148852, 0.0, -0.0, 108.07415, 47.97052, -4.1659365, 0.0]
[102.97359, 0.0, 1.4460453, 23.606686, 14.185902, 0.0, -2.9883075, 31.477007, -2.6806567, 0.48614502, 131.80275, 14.37127, 218.4306, -0.0, 144.31003, -20.364693, 36.50703, -6.6046896, -75.87451, -37.41608]
[-0.0, -0.0, 19.924788, 182.62817, -0.0, 21.043407, 189.80711, 4.883154, 0.0, 30.612555, 2.4982228, 2.5589762, 17.370266, 139.88919, 184.7419, 182.67822, 0.0, 97.439125, 147.2945, 132.26028]
[0.0, 0.0, -24.016392, 90.32899, -12.755723, 110.66592, -3.353845, 52.13955, 0.0, -14.699341, 17.43767, 0.0, -15.475035, 126.01043, -37.39629, -12.216838, 365.07037, -7.605635, -0.0, -0.0]
[61.909286, -0.0, 344.86505, 23.262703, 32.828075, -0.0, 215.88435, -1.2451514, 41.330154, 45.63169, -3.075831, 213.20479, -0.0, 4.2504773, 27.443071, 59.107315, 85.35942, -13.399509, -0.13203736, -19.645018]
[-0.0, 41.87889, 170.21341, -10.730671, -17.566713, -7.1740556, 13.134335, -6.8052335, -5.0511155, 59.043873, -1.781928, -0.0, 149.17253, 396.16086, -7.3485556, -0.0, 7.722818, 68.13581, 16.907593, -0.0]
[-0.0, 16.02387, 318.39487, 1152.5697, -0.0, 9.32022, 30.231787, -0.0, -0.0, 27.989983, 0.0, 0.0, 197.5085, 20.45937, 0.0, 0.8525884, 56.13932, 131.75543, 187.075, 0.0]
[-4.607688, 53.89815, 0.025593614, -0.0, 243.51387, -0.0, 56.182243, -0.0, 2.8876948, 23.858427, 36.347633, -0.0, 244.01463, 288.37454, -1.9891927, -0.0, -0.0, 389.71542, 25.36727, -0.0]
[58.312675, 0.29187176, 0.82262826, 3.4130201, 4.071012, 6.059785, 204.77751, -0.0, 81.09813, 139.53746, 137.6581, 100.22038, -1.2315644, 6.791226e-08, 19.13857, -0.0030432134, 176.35094, 147.15112, -3.0194858e-05, 15.10526]
[-7.802261e-05, 54.83409, 55.790268, 49.62713, -1.1743139, 57.344315, 19.072054, -6.8606137e-06, -6.256788e-06, 110.15519, 127.62107, -3.503427e-06, 50.19743, -3.5431847e-06, -6.255076e-06, -1.7766828e-05, 0.060247805, 53.92168, -0.00061366364, -0.9376821]
[39.570663, 1.2963027, 6.213602, -0.04699471, -0.013517706, 0.8280465, 87.73806, 237.82808, 54.49484, 200.86029, 134.34283, 343.92322, 93.82287, 57.525875, 57.707314, 69.569214, 31.302677, 29.028448, 26.051714, 32.611996]
[19.643007, 188.85432, -21.543573, -39.713802, 143.66791, -65.05506, -56.26337, 70.63218, -26.934612, -64.38327, -65.35816, -71.34229, 102.838524, 70.25338, 80.939125, -108.95975, 172.17014, -149.32793, -57.14169, -81.48795]
[-38.30419, -15.167345, -26.021172, -25.772213, -6.229802, 26.493425, 34.145702, 47.276485, 50.27535, 81.04972, 39.59504, 51.23325, 9.546963, 233.1299, 72.611084, 264.73306, -27.93823, 256.81842, 15.413194, 74.10159]
[-43.877518, -22.412558, 64.53964, 69.32259, -44.272602, -0.46871847, -24.36733, 151.51044, -12.577074, 92.539375, -9.67072, -6.554689, 238.14484, 31.391178, -15.433812, -20.410917, -9.896475, 1.2710928, 23.874834, 104.74685]
[21.253016, 3.8632212, 6.9235444, 3.4958405, -52.9081, 7.286918, 5.5553946, 316.37494, 7.3685303, -0.35082093, 63.93284, 171.60733, -16.97667, -14.136326, -12.470593, -9.81435, 9.361204, 328.25613, 6.6723146, 2.9084747]
[193.63182, 21.145233, 9.462724, 348.7839, 0.5259618, 9.497833, -12.594172, 733.51764, 0.9998988, 2.7670207, 63.287376, -8.026252, 0.6127921, -6.0327177, 22.454956, 116.28675, -0.9189903, 0.034477744, -2.506433, 423.4892]
[16.220562, -57.598125, -9.39198, -6.416017, -43.257404, -2.9691737, 123.25171, 2.6038225, 16.73579, 0.02729899, 8.123693, 266.7054, 4.224744, 1.0388805, 524.2159, -5.2548084, -4.227994, 958.7779, -10.138772, 377.68555]
[-11.5520735, 1.1736794, 389.53317, 0.9979736, 703.65375, -0.84619445, 9.5423565, 12.447765, 171.90628, 11.259491, 21.757273, -14.851954, 1.7675806, -2.4279144, -8.359338, 115.092575, -17.981756, -4.176595, 565.95715, 116.33744]
[-10.607814, 179.46918, -12.740597, -10.723972, -2.8981965, 76.288155, 12.120196, -0.08879369, 352.61472, 12.660992, 15.367048, 58.39809, 222.18262, -3.1361797, 412.8326, -5.775848, 353.95886, -11.810817, 5.7386007, 10.872483]
[8.14191, 2.9686553, 141.2774, 74.44372, -4.133749, 13.15651, 261.35452, 1.0241725, 261.76984, -2.569616, 11.816057, 15.703301, 14.28632, -3.2098207, 356.92722, -14.091587, 0.93571573, 190.62422, -9.316332, 203.17325]
[-10.475979, -9.637665, -1.0297467, 12.191512, 187.09355, 338.25644, -8.518214, -2.8945477, 2.3213954, 9.372175, 3.5743515, 0.24443766, -3.2795024, 7.2993326, 15.547292, 6.5946093, -1.7062566, -4.076995, -2.0259445, 7.7976146]
[198.05623, 45.407738, -22.78322, -5.073154, 3.4318476, 3.0650878, 9.029836, 316.44928, 86.63319, -11.543152, 234.44756, -3.8009195, 219.75928, 21.009155, -28.64211, 215.26463, 174.23122, 170.58203, -46.271378, 13.59698]
[-122.77708, 129.46017, -97.65865, -51.402508, -12.355388, -14.474247, -0.40304312, 103.249245, 2.393058, 10.11992, 18.21364, 108.98762, 7.985869, 4.342572, 217.17162, 11.969378, 7.523903, 85.6436, -3.8899863, -3.073678]
[54.893833, 177.77425, -34.270615, 125.27195, 219.87384, -50.048847, -50.058865, 134.37285, 68.0962, -66.94778, -6.109447, 101.53519, -9.622984, -78.33296, -46.676384, -65.310715, -33.770603, 416.65555, -48.384182, -34.82788]
[-15.709371, -9.697057, 72.569626, 55.710476, 134.7533, 25.846483, -25.425581, -48.9063, 154.07285, -42.028408, -23.406319, -9.415796, -7.8921494, 114.27942, -14.981016, -0.007078552, 2.484971, 307.50378, 17.336027, 124.02531]
[109.714134, 158.81291, 5.0800266, 284.13815, -0.6984031, 91.00073, 328.91986, 89.490074, -12.551668, -12.952283, -20.441206, 122.867386, 231.88971, -31.2033, 53.30986, -19.28231, -10.468744, -22.512167, -20.343315, 6.7801642]
[112.1829, 0.93818104, 0.2028647, 0.23132324, 15.440808, 23.332287, 325.33328, 270.8321, 6.0221705, -2.65962, -8.158578, -1.5966667, -0.36043295, 71.13491, 230.66133, 93.23909, -13.717655, 131.20035, -11.883157, -22.175875]
[273.0643, -1.2282997, 70.4672, 207.9275, -40.969368, -22.200691, 83.44082, 43.901417, 55.92128, -49.864754, -94.72326, -13.516726, 124.065994, 58.76183, -17.279747, -24.301342, -22.542645, -6.2704587, 200.10623, 136.6873]
[-9.080736, -5.0639443, 303.72916, 95.85357, 119.43099, 98.5162, 412.7712, 30.329447, -65.96972, -19.819544, -21.714241, 286.58505, 63.31648, -7.987623, -4.6197686, -11.193711, 236.39024, -8.387531, -27.075178, 58.007885]
[-15.568532, -1.152798, 3.025297, 5.1638966, 14.525465, 11.334126, 7.1268096, 114.6965, 558.46985, 68.363556, 278.96103, -4.025321, 78.6992, 64.461784, -4.2530804, -14.780984, -31.212105, -17.47218, -10.496596, 65.64313]
[354.43127, 160.40474, 89.9546, 335.00433, -17.839575, -21.34809, 263.7721, -29.382463, -39.584652, 74.22217, 85.23032, 83.276054, 118.093285, 210.17497, -45.993156, -33.083668, -28.49732, -47.76616, 111.72269, 8.341963]
[-57.25179, -50.579304, -54.133034, -15.650224, -30.309788, 74.310684, -4.847634, -22.95886, 77.37649, -1.7934214, 193.65253, 219.03265, 184.26451, 260.0978, 206.69113, 204.02875, 505.53268, 224.2597, 109.08472, 35.975586]
[153.58113, 161.17265, 211.18747, 98.66794, 27.57235, 63.141335, 32.458187, 40.962383, -45.219994, -124.8103, -84.86085, 41.177486, -144.96869, -275.4173, -183.17052, -28.311296, -14.3951235, 5.7178965, 48.8934, -163.93492]
[-72.03902, -7.515879, 4.1285443, 45.117664, 93.1869, 126.14483, 170.54146, 70.7695, 141.8733, 36.893044, 239.42087, 86.20051, -21.110312, -28.631828, -19.536592, -73.26665, 111.80793, 29.145708, 26.891989, -69.073715]
[-20.352064, -36.185257, -39.904087, 258.30426, -15.47952, -38.306595, 18.879784, 3.3364415, 192.67815, 220.26682, -86.72464, 18.451136, 231.1538, 7.9569273, 14.486271, 43.679478, -14.229006, 10.713538, 12.884054, -50.68467]
[-5.446727, -15.051792, 21.536537, 219.42441, 82.82005, 65.67878, 45.122196, 78.72768, 8.219009, -28.137081, 17.416945, 2.7722278, 22.168755, 123.62723, -73.360085, 25.32428, -2.8881876, -6.738835, -27.11514, -53.588108]
[-13.566446, -41.694386, 19.868038, -25.491428, 118.66243, -27.40164, -19.613407, 22.943651, 52.181026, 812.5519, 854.704, -13.825353, -33.70136, -7.8646054, 25.535645, -5.1188684, 255.7483, -8.101064, -13.373415, 31.265509]
[-5.8514857, 22.375751, 64.36393, 21.044275, -15.501565, -27.85948, -71.86182, 51.121643, 92.99637, -82.51168, -10.545741, -51.80935, -83.17737, 108.089554, -41.58959, 3.1664815, 2.2986286, 15.948542, 120.723434, 31.365234]
[15.999076, 8.264822, -18.670034, -4.9983454, 60.355755, 154.92944, -58.74129, -46.66282, 156.9412, -43.360374, 171.44391, 30.920918, 126.38529, -125.324486, -18.324055, 70.91424, -47.32087, -67.57044, 350.41638, -18.106958]
[-92.51211, -19.331543, 67.20035, -3.9129994, -60.246387, 44.470615, -121.35607, -39.02552, -50.282284, 19.13775, 506.75284, 12.6896305, 418.03186, -27.354399, 15.548352, 53.03153, -20.459873, 83.32751, 25.47858, 111.51498]
[2.271311, 19.094063, -29.207285, 4.218667, -12.815445, 9.45457, -21.844698, 5.72767, 558.63544, 4.6539145, 244.30757, -36.240757, 91.68992, -34.430458, -34.89448, 15.551192, -5.784401, -37.519077, 48.506504, 6.731684]
[156.93413, 129.57819, 216.60966, 4.073586, -2.6366048, 82.37055, -43.04513, 44.074818, 175.8388, 33.069477, -43.715786, -39.039307, -50.040962, -80.880936, 69.04961, 1.2739491, 22.767912, 18.146389, 34.63945, 76.75094]
[48.03095, 44.71004, -9.155858, 194.26869, -7.710085, 122.01032, 289.02673, -27.597322, -21.189486, 18.977571, -40.696743, 9.542242, -7.1732106, 21.234581, 18.042189, 32.556576, 287.50162, 259.4872, 11.67307, 129.56288]
[183.18259, -36.786938, -20.53737, 589.20105, -66.1687, 7.6398883, -39.621517, -60.272533, -21.405548, -18.311506, 14.848332, 33.512436, -12.455206, -0.8088941, -1.875444, 35.016438, 56.094776, 11.015692, 107.82401, 962.25836]
[250.77765, -18.95759, -21.838581, 405.6487, -36.83247, -21.876366, 57.290775, -64.5197, 54.05256, 33.034412, -20.498775, -20.920912, -21.34727, -42.59528, 10.589652, 22.769384, 61.439083, 35.799572, 13.65083, -5.395631]
[-15.255809, -16.566462, -38.324413, 153.12778, 93.343315, 2.5788207, 326.3495, -22.974823, -13.438, 10.019013, 2.076531, 63.805798, 2.2560964, 98.07043, -4.9727573, 4.866208, 10.122267, 201.81963, -4.484737, 14.155231]
[-16.505663, 332.44577, -10.7625065, 32.01484, -10.7160015, -21.523966, -1.3856477, 94.57038, 32.147346, 44.493008, 58.857533, 8.3940525, 32.914288, 10.100234, -2.092934, -9.272719, 16.16125, 19.60879, 136.2692, 8.270861]
[-26.005812, -7.8558764, 4.233276, 131.232, 33.907784, -16.955265, 9.102336, 13.807293, 82.1873, 8.051105, 104.117294, -23.264473, -17.484894, 45.30266, -11.356398, 248.3652, -7.9243503, -16.59142, 301.38165, -14.604618]
[21.925436, -43.112103, 264.58978, 22.001825, 277.28604, 86.25086, -64.54327, -13.03163, 65.76302, 3.365441, 6.8388467, 11.089968, 297.87372, -19.269733, 10.082861, -16.340528, 164.72665, 1.7806183, -14.014555, 0.6718532]
[12.516998, -8.568715, 6.010333, 20.443668, 676.59015, 14.57733, 12.002076, 389.3358, 15.784921, 653.7026, -6.4414835, -23.508535, -31.930845, -19.53241, -10.760206, 141.27089, -9.193407, 2.1602838, 6.0690484, 257.5953]
[211.0562, 31.347294, -9.531999, 32.932007, -4.004119, 185.66042, -37.07633, 76.69483, -83.99389, -70.03182, 19.805628, -35.5335, 125.56766, 293.45627, 11.854865, -17.48304, -49.98392, -11.851854, 21.214485, 0.21268438]
[6.753699, 118.63814, 10.466183, 3.6383905, 7.8536673, 6.056671, 227.35782, 5.379523, 11.826863, 12.19426, 33.05588, 34.213978, 185.09294, 257.6138, 18.689726, 8.374895, -6.2042394, 31.340288, 126.72788, 116.267914]
[101.80299, -64.827126, 66.470146, -29.278753, -40.661274, -12.441407, 104.84133, -0.1280487, -30.715963, 0.81631064, 92.607506, 18.781965, 9.563382, 15.435429, 19.590197, 2.0803504, -17.190962, 204.02173, 2.3264375, 14.309619]
[53.238754, 143.0539, 2.5146053, 1.2853564, 8.684301, 0.45635784, 1.9590347, 134.46832, -5.775507, -12.414434, 36.035526, 99.66071, -26.816328, 290.69107, -48.560986, -25.275377, -41.142044, -24.428492, -8.690294, 11.696367]
[-44.634098, -44.92395, 242.82396, 76.84336, -7.900131, 83.07997, 251.66406, -1.7064667, -19.76118, -26.835453, 151.6262, 63.4091, 10.977725, 128.79639, -17.652294, -28.609581, -21.253305, 93.66772, -17.555805, -3.8194418]
[0.1135788, -48.931553, 19.438007, 16.562946, 13.3396, 338.7427, 7.383906, 303.19226, 244.83304, 16.23154, 120.2991, -5.774346, 76.34328, -5.996023, 892.3746, -8.897536, 192.94012, 59.495155, -16.903261, -16.526144]
[-10.841208, -1.3848875, 3.7761683, 125.39769, -1.9715235, 77.411095, 9.6546545, 11.846679, 11.17593, 4.365951, -1.9548482, -7.3079376, -22.478878, -22.551044, -17.202873, -6.4646463, 29.367027, -18.63992, -27.209627, -6.9579816]
[209.00029, -11.814441, 74.077896, 332.53967, 124.22262, 16.631788, -12.16708, -44.48559, 231.4766, 169.43478, -18.779228, 107.957275, -14.684001, -5.9948606, 46.28967, -19.50332, -10.16088, 66.287186, -8.094938, 208.5987]
[-7.664454, -0.5158798, 758.4172, -15.0295725, -7.251524, 110.62667, 3.8862674, 49.535114, -7.762885, 15.453733, 39.062443, 330.5381, -13.281015, -37.966797, 8.952869, 38.704388, 52.565468, -62.41734, -40.06245, -31.120588]
[-23.17685, -4.9690104, 14.364821, 13.769364, 21.187012, 272.33295, 14.144587, 8.997284, 5.8325686, 242.54369, -6.277244, 78.05222, -11.513273, -6.277909, -4.057885, 1.4454782, 92.632835, 7.8826685, 7.5958114, 67.84426]
[2.755636, 198.06038, 14.858073, 12.825021, 11.284223, 496.3205, 6.65347, 62.136776, 680.6943, -2.0411522, -24.184814, 390.8706, -29.974342, 157.8746, -48.690342, -21.252954, 79.38326, -69.62538, -19.253077, -25.834028]
[-8.424841, -19.852304, -21.063402, 3.782073, 256.52127, -58.428005, 6.8555365, 126.12574, 39.63173, 350.44882, 184.64154, -17.72471, -9.734181, 4.272714, -15.366976, 1.3359951, 4.2124686, 51.32576, -14.624316, 4.140722]
[0.086474486, 7.9350386, 6.477272, 113.84863, -8.110753, 34.332146, -25.514172, -11.961415, 61.081364, -14.247298, 48.73058, -46.4319, 17.466915, 73.375206, -27.894053, -61.993206, 27.299692, -16.75111, -64.741264, -0.61550903]
[64.47359, -1.8114817, 206.77318, 443.62668, -15.81876, -2.6799948, -6.459741, 5.474989, 97.3633, 62.240868, -7.9345803, 7.862364, 62.925694, 366.07776, 346.29092, -61.06005, -13.811522, 57.29501, -15.230257, -22.375948]
[6.933539, 68.73515, -14.250815, 75.364174, 728.3064, 81.10835, -15.373323, -81.460335, 100.475914, -50.70928, -24.590578, -26.924517, -20.026014, -15.530789, 243.53271, 6.3488493, 15.980194, 33.826668, 15.822392, 17.37165]
[54.60152, -188.10854, -293.7106, -260.4385, -180.00485, -95.171455, -189.35495, -89.97267, 208.4879, -115.00978, -209.44313, -137.13614, 8.920058, -19.106207, 307.38602, -15.478026, 7.498926, 48.749256, 70.13594, 281.76273]
[367.16592, 6.7707214, 58.519146, 89.704384, 89.25184, 405.954, 16.053066, 183.78233, -30.283106, -58.17204, -22.87005, -3.9984055, 27.848055, 45.08009, 76.92394, 378.15936, 16.791164, -2.3440826, -37.514336, -11.766512]
[6.476898, 649.19867, 567.2447, -15.772108, -1.8864172, 35.2462, 36.80088, 36.702206, 53.024178, 12.808651, 1.5933452, -19.612589, 375.86133, 378.8682, 106.438255, 542.8187, -19.65679, -52.824074, 20.234188, -79.300995]
[-157.77309, -86.20905, -233.90303, -278.95767, -170.06323, -144.34894, -85.80041, -101.220665, -18.28559, 118.31596, -110.14861, -31.04228, 4.633246, 412.54135, 7.019938, -4.0051575, 590.9981, 41.919407, 93.405174, 313.97552]
[113.58374, 49.997246, 39.458652, 3.458089, -12.437479, -36.782303, -2.7562947, 174.87311, -11.657737, 10.064837, 145.37538, 6.5994496, 29.75529, 249.06891, 274.3368, 2.6208532, 43.749584, 3.7934706, -13.45093, 63.67018]
[21.254509, -31.01751, -18.408121, 1.5162033, 61.14956, -1.035925, -4.404497, 408.34354, -6.3836417, 15.538851, 21.683619, 14.912347, 206.70247, 86.541115, -42.41351, -9.8019705, 82.478386, 320.51398, -47.315228, -36.797478]
[-4.8575673, 3.738968, 577.22205, 7.940549, 23.2584, 43.318653, 39.72128, 139.98117, 74.34121, -21.566511, -6.6383853, -26.876034, 51.43551, -29.849459, -9.864838, -5.5377655, 7.9399424, 24.239832, 52.086983, 29.204805]
[24.859804, 362.47623, 78.21894, -18.47235, 101.33121, 97.60661, -43.2284, 0.04308777, 199.88936, -74.58769, -46.882977, -31.728277, -8.588415, -7.2068806, 151.43849, -7.818243, 239.5226, 4.047345, 140.3055, -6.474944]
[6.711038, 134.79495, 305.4531, 8.788363, 10.186357, 35.26639, 195.65717, 133.92352, 342.7614, -18.181526, -33.914925, 104.81239, 171.14682, -39.795856, -56.12352, -36.651604, 117.82282, -22.592688, -1.7068436, 228.65793]
[145.2049, 63.574684, 156.7854, -66.29481, -57.51314, -7.583368, -32.043526, 50.38456, -32.12836, -17.163197, 188.18724, -22.986486, -9.61438, -2.3045287, 24.216122, 28.531979, 35.446476, 35.923054, 54.50801, 342.39148]
[17.315662, 396.26837, 10.854029, 15.206326, 5.462073, 134.50943, 166.51808, -30.303234, 356.96823, 113.82658, -76.34287, 131.33087, -57.976887, -49.068172, -25.144722, -32.17904, -17.169188, 10.38454, 18.046238, 43.198437]
[27.752287, 111.161995, 19.710655, 11.6003065, -2.901715, 244.16093, 2.66887, 350.6924, 134.80428, -17.336826, -21.496845, 175.68893, -23.85763, 287.51093, -22.929838, -3.8520966, -25.083815, 19.653143, 166.2386, 95.951256]
[-1.9726421, 0.09861527, 238.01234, 11.079342, 19.011635, 18.548855, 14.5754, 18.133049, 15.932107, 336.3946, -10.604705, -28.70499, 6.7083974, 10.548336, 16.8267, 22.309368, 1.9359533, -17.96596, 277.8578, -23.280033]
[-6.5482335, 367.5664, -17.483278, -14.198195, -4.0038247, 30.319155, 14.238351, 39.30366, 2.618898, 10.276287, -1.2201859, -22.889791, 81.07138, -28.915703, -6.237856, -15.618091, 68.59412, -5.5457754, 1.6929947, 31.520348]
[17.744812, 17.086866, 12.286097, -2.9105067, 592.4939, -7.0798583, 9.376074, 36.066475, 17.402025, 15.959338, -3.9426808, 145.22101, -1.2659358, 2.65733, 12.301756, 4.1641107, -6.858647, 44.74222, -12.579378, -4.049895]
[-0.6509674, 5.734381, 7.8382254, 8.240377, 771.9544, 333.40598, 153.90213, 311.0835, 147.18065, 368.00064, 146.47714, 218.20361, -194.21606, -314.98456, -428.57742, -362.9422, -158.54265, -159.81917, -65.75017, 56.998154]
[114.34448, 74.98959, -28.127754, 47.136246, 169.8845, 213.33173, 249.52318, 764.5435, 276.20767, 60.587955, 213.29253, -29.184628, -113.52661, -151.09067, -81.43072, 58.790237, -28.053915, 30.332333, -16.176876, -202.31299]
[-116.89696, -70.17636, -13.7961, 17.994556, 65.72199, 64.51491, 141.44482, 90.984665, 83.532196, 40.284405, 27.168154, 103.34746, -14.973537, -38.879856, -70.13294, -95.07748, 67.05468, -23.733103, -24.57044, -25.784838]
[156.36816, -17.094116, -1.0325073, 16.4815, 135.40758, -4.0808415, -25.910501, 23.319645, 25.074053, -11.207061, -25.65198, 107.06547, 29.987553, 131.0178, -8.219059, 61.107502, -21.266447, 13.9695635, -42.91261, -26.266775]
[115.62649, 253.28639, 140.76152, 35.353283, -76.02164, 90.2889, -60.32677, -67.75259, -28.261696, -85.954254, 22.211693, 32.175884, 38.5937, 18.186363, 58.029465, 79.770744, 42.078285, 36.263363, -31.202154, -11.31735]
[-77.87055, 144.14577, -86.44181, 203.3824, -73.956345, 139.07207, -50.111694, 48.267113, -65.21138, -80.84539, 39.477978, -36.574745, -13.958773, -1.7189987, 55.754677, 277.94476, 37.354427, 229.77022, 87.85718, -8.048395]
[-34.54826, -0.9796051, -6.566672, 225.56766, -23.14894, 62.017326, -86.93672, -5.3046393, 18.010937, 52.549545, 177.27458, 27.282288, 159.37846, -27.618525, 7.758145, -36.596996, -16.191975, -0.48919576, 78.274185, -14.279002]
[18.418169, 21.220472, 220.1009, 220.60143, 56.480362, 315.34866, -31.582088, -29.53842, -13.695422, 16.249641, 44.275536, 40.246998, -8.548139, 8.767871, 24.642012, 146.60028, 9.688424, 52.871387, 133.46774, 15.883403]
[-7.676608, 15.608109, 40.267494, -40.93302, 19.828682, 23.698662, 612.6511, -20.279123, 161.3901, -24.221008, 96.70159, -1.5588908, -58.20931, -71.4024, 30.801579, 335.70258, 25.931967, 36.08134, 30.796144, 64.863434]
[15.38918, -10.55861, -45.644142, -24.043545, -25.422112, 42.010242, 252.25934, -18.129671, 39.815, -11.775211, 423.1381, -16.003536, 2.8558333, -2.5230143, 123.94059, 9.286966, 11.715933, -37.029606, -55.999283, -52.459705]
[-24.976442, -24.889397, 0.21334177, 132.34952, 25.79496, 158.72746, 99.32195, 19.54502, -27.734287, -23.148466, 3.2604344, 14.136074, 52.001583, 75.77497, 105.143814, 21.047709, 8.350042, 165.87248, 216.91502, 2.6487894]
[-4.6083293, -72.32409, -25.663822, -102.29381, -37.197876, 68.81048, 13.067663, -146.25099, -62.996346, -101.16443, -49.087276, -28.458723, 165.19579, -23.099709, 262.72638, -15.680359, -27.01964, 13.496169, 81.67179, 153.62357]
[69.26637, -50.959415, 118.27093, -32.098534, -16.496105, -13.70387, 0.17009124, 389.01932, -24.187944, 12.432947, 113.12474, 6.0922832, -3.6158273, 84.369286, 10.074973, -12.681936, -4.3059893, 127.71411, -15.143081, 151.8406]
[-38.50083, -30.139242, -22.604053, -2.6382248, 12.796183, -5.7468505, 260.64886, 30.822084, 31.031733, 174.32262, -9.2824, 98.38325, 74.6366, -41.41449, 72.932755, -35.75429, -123.34508, 257.04816, -31.785925, -37.246445]
[-8.872955, -70.17579, 55.928932, 39.03277, 52.481915, 174.35374, 31.180365, 25.96863, 209.61807, 1.671222, 16.974566, -33.06686, 116.58937, 131.11253, -89.83373, -35.449978, -48.286983, -21.88054, -8.853669, 101.37695]
[-52.36892, -21.222172, 38.635838, 51.15215, 24.9668, 429.72327, -6.7451963, 290.0346, -11.11804, 103.711754, -49.605766, -27.923845, -12.182669, 94.45871, -49.18233, 5.750059, -10.703387, 3.2936304, 9.442252, 31.877209]
[287.3905, 12.222044, 44.05677, 54.051254, -23.468649, -6.0921254, 109.8706, -71.108604, 4.828794, -34.565018, 99.25506, 23.064508, -12.474826, -9.399827, -14.413863, 122.39092, -16.73815, 32.494144, -30.332075, 12.67188]
[31.027533, -42.654797, 196.24034, 5.3450885, -41.32007, -39.858276, 194.32347, -23.895735, 9.263617, 21.197527, 19.734264, 37.860264, 50.274536, 27.29935, 30.984007, -2.454545, -14.288655, 322.097, -30.837006, 39.83022]
[-51.99784, -23.393341, 270.71463, 223.03174, -60.957993, -17.79734, 67.302956, 40.811195, -25.41055, 172.14789, 43.879738, -121.85876, -43.814194, -47.998955, -39.654613, -45.13603, 0.7083898, 43.02476, 54.447773, 21.198511]
[143.90698, -1.7015239, 109.80256, -4.4480796, -14.839002, -6.789845, 211.69386, -64.42636, -48.787502, -15.473891, -12.306971, 4.047935, 22.08337, 192.36295, 39.118458, 26.738403, 66.542915, 59.381783, 84.50906, 147.57968]
[36.37641, 57.70183, 5.535997, -33.82297, -79.75723, 101.36266, 49.822006, -57.194824, -23.954287, 15.615631, 68.97425, 1.2673584, -7.6399717, 94.244774, 8.706067, 4.9968433, 30.960413, 40.599846, 33.510937, 17.39701]
[15.940368, 5.10585, 120.20207, 240.31308, -35.78518, -1.2644593, 15.638706, 4.828365, -0.9400884, -9.398503, -35.127872, 3.4832275, -5.0955377, 22.95937, 107.527176, 2.2866404, 13.339521, 71.82401, 102.23473, -63.51635]
[-21.318, 0.12262573, 14.288599, 33.852154, 149.99226, 20.889366, 407.52344, 20.18807, -1.9389749, 508.07437, 24.332947, -53.136684, 332.35776, -10.671212, -27.601833, -9.21327, 13.39121, 236.33272, -12.876207, 100.31855]
[-4.4413652, -10.31384, 68.07184, 185.471, -46.462437, -69.34478, 56.873966, -25.933891, -36.29743, -19.366968, 165.01122, 108.96086, -18.256731, 172.24588, -14.866288, -20.42861, 5.644397, 10.034283, 33.14564, 83.998505]
[30.502993, 787.0212, 312.82883, -0.37198994, -7.3740487, -12.375152, 11.185394, 53.417824, 15.880021, 10.929584, -29.744759, -5.7797446, 280.8902, 119.44909, 162.11504, 75.02741, -59.891907, -54.583775, -17.17219, -16.558208]
[10.514775, 16.710627, 23.544762, 10.98953, 23.398254, -2.4880362, 14.003886, -25.416016, -11.02551, 6.6203604, 23.84093, 16.14832, 29.841553, 54.0271, 67.16264, 33.971596, 548.34784, 8.807605, 89.204865, 239.86484]
[-20.607649, 150.55423, -36.87579, -26.893543, -23.69314, -2.6446238, 18.924238, 17.993502, 214.39893, 5.9972377, 37.36517, -12.604521, -5.222981, 2.006126, 10.477901, 37.33777, 96.62783, 4.1504483, 247.24457, -18.245981]
[-6.1190395, -14.948094, -12.939455, 23.153208, -14.984711, -24.049109, 299.61993, 7.334585, -32.80712, 12.698336, 236.64609, -0.59263, 171.34828, -22.860752, -26.125313, 217.07304, -48.144447, -21.21463, -23.987082, 225.5249]
[-46.30674, 56.844322, 4.9604974, 27.646862, -13.059113, -8.875093, -12.245727, 0.34082285, 61.17597, 40.03317, 20.93903, 35.695457, 4.3298697, -5.2554154, 65.458176, 580.581, 30.876368, -30.181517, -28.57085, -32.898464]
[141.6594, -20.747004, -13.385071, 1.6024987, 216.87509, 16.225193, 25.359915, 5.0481234, 9.524056, 137.84805, 51.92004, 30.509634, -31.681108, 187.92145, -38.271782, -38.775772, -26.569359, -8.76042, -12.29155, -24.029778]
[28.824593, 27.664806, 13.880881, 30.797169, 50.726692, 22.83053, 8.272578, -8.199971, -17.014416, -13.487238, 63.92241, 159.98294, -22.22634, -60.411762, -46.254036, -28.415403, -3.0715866, 17.875114, 14.363629, 8.628077]
[51.13055, 472.75775, 22.567755, 12.160571, 27.494701, 476.92697, -10.01522, -23.120724, -18.752743, 173.42274, -27.666382, 88.3762, 372.58328, -29.534367, 293.8974, -29.235744, -47.317772, -35.246315, 321.84183, -20.488888]
[-6.106621, 26.366993, 5.287668, -80.02944, 25.02039, -24.088692, 83.73976, 33.32364, 7.516543, 300.40054, 6.751355, -7.3454447, -10.655665, 1.0053765, -13.862971, 93.58217, -23.398964, -9.641638, 373.95502, -37.79948]
[-26.841757, -1.8164856, 51.55323, -12.362123, 7.5678005, 14.707799, 12.931083, 174.15422, 103.88695, -6.172996, -52.99328, 212.9522, -6.7011003, 52.812637, -9.559905, -23.182943, 10.890704, 347.0595, 20.951311, 66.66559]
[121.640816, -7.967324, -10.603503, -51.847546, 133.37675, -15.667958, -11.26465, -1.2303464, 163.56415, -6.608382, 2.2002516, 15.349608, 19.754358, 113.99904, -2.6147513, 481.82013, 147.87914, -11.393629, 27.186577, -49.944263]
[-20.056223, -10.944731, -3.401671, -4.919031, 10.820642, 56.387676, 0.036286928, 131.48001, 9.55521, 12.668347, 59.9658, 1.4004108, -11.802062, 89.35511, -17.599354, -6.357983, 63.489258, -2.8616188, 53.833736, -15.090596]
[-70.91859, -2.631955, 55.98287, 92.84797, 4.5544863, -1.1169101, -1.7921318, 12.212862, 6.728056, 15.931144, 6.5309505, 1.6804461, -0.10669212, 62.189762, -6.077736, -46.214165, -3.7237604, -16.437645, 16.288292, 0.43681538]
[10.625273, -13.2414875, -26.995739, 152.57065, -25.259712, -31.575031, -34.098316, -24.221874, 27.319344, -19.190405, 156.7623, -6.2685876, 184.70226, 515.5064, -21.15847, 0.83501315, -0.36107895, 293.88324, -4.560452, 262.62042]
[-19.438955, -4.746505, 91.027176, -3.3320842, -10.912045, 34.89244, -13.901077, -13.596128, 1.3692021, 13.616536, 16.707579, 11.692821, 16.422848, 61.708645, 133.03146, -7.5107956, -2.8784187, 5.8635817, 16.794527, 358.75534]
[52.15984, 4.40476, 525.782, -8.656241, 160.02197, -16.36473, -0.41771203, 24.579094, -11.838267, -12.131291, 8.5461445, 17.801691, 148.27377, 5.1898527, 2.8333979, 119.37873, 355.04083, 48.796143, -22.299004, -17.838665]
[-29.572304, -3.5759695, 0.9840373, -3.5567048, 179.20567, -5.70425, 7.299874, 5.571513, 7.9178543, 8.866697, 266.77097, -8.37713, -21.274323, -14.541575, 201.66641, 206.49539, -21.804352, -40.834843, -7.4945664, 64.59322]
[-24.947935, -1.4038775, 87.32944, 46.202156, 54.448708, -35.90996, -16.529213, 170.12645, 128.26736, 49.57307, 370.36105, 54.627033, 87.45678, -49.1888, -69.84129, -97.755226, -79.16284, 5.2398252, -34.619534, -20.811283]
[4.671025, -8.259506, 85.749565, 16.614422, 28.149956, 141.19485, 18.932873, 9.638277, 6.222938, 0.1643219, 169.78323, -4.411546, -11.726957, -10.837378, -28.960823, -11.973868, 145.49933, -16.196033, -54.04305, -17.056303]
[585.49896, -38.827267, 109.10758, -30.642979, -23.928919, -17.156616, -9.194088, 170.48619, -21.31709, -1.9684014, 224.64728, 82.95983, 2.2778003, 10.691031, 3.8197474, 34.79574, 7.542022, 3.0234962, 132.07512, 301.32355]
[92.783226, 765.3727, 22.749002, -15.8182535, -9.470101, 205.55092, -58.96837, -21.6688, -46.479153, -54.371956, -40.655357, 28.000053, 3.6298807, 194.2006, 175.18816, 18.08331, 225.38097, -21.341135, -25.532328, -11.656122]
[13.702296, 0.720871, 24.193983, 23.244171, 96.056625, 89.18094, 42.866497, 21.945509, 33.280888, 44.913834, 142.2915, -10.505228, -41.206455, 9.90385, 147.8521, -74.12451, 6.869283, -125.44837, -54.545433, -23.53409]
[-29.76815, -30.453365, -59.533527, 42.88631, -1.4845179, 355.8639, 36.808105, 40.90965, 40.68349, 241.10718, -7.0714326, 69.04445, 0.73982567, 135.00609, 50.081867, 9.007351, -10.000286, -8.583928, 133.49153, 10.705369]
[-7.9134784, -22.902685, 10.40804, -60.96677, -38.860836, 59.24667, -17.801544, -15.133072, 109.29823, -8.215353, 8.232005, 227.70532, 4.9378786, 71.74964, 390.2291, 164.47826, 102.16491, -12.198481, 182.49628, -112.43472]
[-7.2447715, -34.16614, 56.849033, 3.1242955, -56.63325, -32.67038, -19.447432, 175.50203, 146.83188, -20.53999, 28.009974, -30.902185, -75.017136, -16.93603, 4.5197763, -3.1407542, -0.3104206, 10.249003, 7.609704, 325.5024]
[230.29327, -15.216918, 13.722559, 0.21280536, 27.640724, 358.54465, 3.6688817, -17.658386, 95.24688, 178.75362, 22.904638, -49.796738, -80.87585, -97.93324, -71.317795, -16.946749, -19.145864, -60.22594, -12.71824, 369.51385]
[-32.041565, -41.97406, 96.00361, -50.942154, 69.66256, -21.86521, -26.632866, -0.29127198, 39.419907, 238.11192, -36.95453, 29.868685, 8.824092, -32.410664, 137.02208, -41.79409, -29.875607, 174.38283, -4.29352, 310.0277]
[206.05763, -21.578161, -19.099987, 25.775463, -19.428934, 28.656363, -12.97902, -23.596678, 7.5314207, 35.52889, 104.97346, 11.381494, 87.18799, 267.14594, 131.2444, 158.9018, -38.598732, 15.665756, -12.818846, 0.5828604]
[7.989512, 4.048027, 130.46788, 6.3419037, 7.744962, 37.861637, 11.8100195, -2.7171643, 26.073614, 240.5366, 186.12677, 601.14246, 182.79541, 220.79095, -52.36764, 92.5043, -81.08107, -13.835532, -50.416096, -16.573282]
[-13.206209, 35.063892, 29.954031, -3.3940122, 80.8743, 81.70876, 118.351616, 100.09002, -5.7766013, -49.827652, -43.724857, -22.884455, -28.032583, 48.942303, -32.482655, -55.849205, 18.234253, 183.94919, 329.88416, 284.12753]
[8.727334, 104.59792, 141.24437, 105.014946, 170.28848, 139.12408, 162.63388, -111.19094, -6.1576495, -136.93724, -107.138466, -33.483616, 88.92252, 57.77909, 120.421585, -13.842183, 56.042374, -91.844925, -93.28395, -32.327213]
[-129.63516, -46.54118, -106.08251, -138.66171, -32.646584, 0.65015054, 135.05112, -22.716557, 68.171135, 26.171656, 42.112766, 162.65825, 68.2018, 54.829567, 74.57383, 32.746494, 51.138004, -54.0448, 42.939926, 16.516357]
[-29.65051, -71.80592, 140.61714, 17.238173, -20.52873, 209.1917, 161.96198, -84.30805, 223.04073, -22.986982, -20.349684, -71.03985, -259.73196, -141.10275, -73.56448, -26.438765, 3.841446, -6.3297853, -30.607561, -113.62016]
[-40.243164, 22.930689, -91.93641, 112.2214, 101.326935, 33.181805, 37.352104, -44.34391, -57.821793, 30.93769, -30.393959, -62.143936, -72.05749, 100.13102, 109.82881, 533.5056, 133.89507, -50.129314, 110.69106, 97.22899]
[118.95021, -85.25515, -70.4481, -23.203419, 188.1384, 94.55579, 67.39339, 82.32999, -0.82811624, 49.83059, 6.722964, -30.377785, -274.1179, -80.73846, -78.02983, -173.47049, -113.08747, -283.17105, -60.29411, -194.29115]
[-192.12204, -16.554249, 43.9489, -39.813274, 228.9538, 38.72453, -1.3557678, -14.055588, -18.84538, 284.78934, 80.60269, -31.149532, -29.37813, -180.50015, -157.99161, -144.29436, -223.53108, -145.3652, -290.5666, -71.350204]
[-85.35228, -101.39002, -42.058594, 49.6795, -63.821274, -3.9657633, 2.8612447, 35.197975, 212.54784, 68.17599, 17.477669, 131.3853, 445.6878, 277.44473, 364.28793, 394.2643, 610.21484, 329.02295, 210.6181, 304.9233]
[-45.55658, -44.383633, -18.93116, -3.405246, 283.83426, 232.45195, 121.55826, 153.72435, 218.94398, 112.64126, 184.97902, 53.791233, 75.25448, 51.441685, 50.532448, -81.778595, -22.07394, -85.455284, -64.5501, -69.6786]
[-262.69943, -7.3777294, -336.7856, -115.00664, -35.21891, 18.343758, 83.282486, 26.536617, -16.5165, 49.6284, 13.216535, 25.388742, -164.98773, 34.091846, 6.673058, 32.868874, -15.633203, -22.144987, -23.962301, -19.737988]
[-150.54056, 139.94963, -69.41239, -17.572187, -145.59248, 21.693409, 12.884455, -1.9364893, -17.922445, -93.43487, -37.29943, -18.836454, -43.976173, -5.5093446, 9.044784, -14.210711, 40.247562, 128.0632, 63.075447, 83.535774]
[108.67079, 87.094284, -19.284473, 147.41093, 95.80253, 52.218037, 41.356865, -3.1518717, 73.48708, 94.87563, 28.78051, -14.771387, -3.1840088, -112.87922, -76.5999, 94.542656, -31.37031, -117.71227, -25.687004, -42.218765]
[-60.720387, -28.071281, 79.84872, 88.37203, -148.58377, 9.812947, 15.160155, -30.14556, 193.67935, 130.42717, 129.24513, -36.916092, -4.178485, -188.95638, -93.37539, 54.387867, 3.4210083, -93.37281, -172.66171, -42.185066]
[-0.21825714, 22.102736, -34.1358, -30.204418, -3.880662, -25.002537, 282.40366, 9.691441, 107.57608, 15.887725, 39.442646, -1.2822591, 156.16745, 104.49654, 8.420352, 20.739012, 24.438555, 175.40178, 404.43555, -12.424085]
[53.774895, 352.30753, 4.029079, 282.52676, 233.58392, 264.95724, 317.77618, 93.481804, 77.459435, 151.97784, 26.714067, -309.50116, -220.11774, -159.49219, -121.67103, 116.50464, 114.52055, 400.84744, -60.286564, -138.85353]
[-166.01108, -113.33608, 20.185095, -8.844206, -51.05455, 57.379295, -12.892797, -61.264847, -77.66179, -207.35234, -297.8363, -232.1802, -122.720856, -60.83886, -36.455673, 107.236664, 37.830032, 22.083324, 33.091724, 23.894531]
[81.54923, 352.75293, 440.4069, 320.8155, 483.6836, 359.42728, 377.20322, 348.53534, 403.24265, 151.04604, -39.81446, 91.59562, -126.6293, -144.76099, 29.336878, 41.60479, -66.415474, -88.63224, 29.992182, -96.614174]
[-7.336108, -43.702377, -58.124023, -35.05737, -18.342892, -11.014201, -8.952317, 3.141577, 31.69519, 64.86675, 51.36528, 39.766033, 1.7346909, 110.05718, -3.2383063, 518.4696, 20.245667, -9.079801, -25.084986, 292.813]
[607.51196, 314.50006, 197.36859, 271.7469, 257.02386, 330.04544, 114.92111, 324.60867, 120.82518, -87.521706, 76.61719, 13.035065, -193.25137, -167.08694, 10.030282, 19.618465, -113.392365, -165.48154, -185.71306, 90.83208]
[-12.220145, 33.130886, 47.027145, 33.963776, -20.352974, 39.242992, -4.6408143, -138.71669, -75.46175, -10.934449, 5.8318133, -1.1032771, 2.975826, 39.069023, 134.74945, 77.79012, 39.514935, -2.8002603, 42.939705, 6.9784026]
[-59.112125, -4.261419, 56.147346, -54.182743, -31.440767, -4.39061, -83.332954, 2.67229, 3.3453746, -24.924467, 2.8291066, -95.16695, -76.93635, -97.382515, 69.216866, -35.75901, -77.78514, 94.71657, -60.264503, -0.69081825]
[-44.486225, 13.525142, -17.641417, 161.78493, 0.9796163, 220.2112, -24.372557, -7.7790384, 81.61902, 30.521252, 47.510506, 283.92242, 281.06757, 554.95374, 137.45006, 159.15903, 189.53252, 88.337395, 159.56485, 126.84688]
[-72.247345, -53.327923, 99.08353, 199.31543, 59.90387, 120.97134, -11.826924, 83.413216, 132.23611, -98.13841, -173.15097, -183.32256, 100.56333, 47.6444, 116.790146, 1.2028326, 7.795821, 16.692816, -17.036213, 88.30296]
[-147.27614, -49.011967, -83.931496, -53.23052, -186.02324, -126.264656, -50.587402, -59.818783, 26.028934, -10.435699, 125.934814, 86.94458, 58.62441, 73.71086, 102.16682, 210.1733, -77.424965, 26.557964, -19.468458, -85.178024]
[-13.115797, -5.559315, -36.50061, -10.729028, 23.26435, 9.309645, 122.823395, 33.701298, 25.057678, 57.8615, 59.876125, -40.783485, -5.4641876, -12.608588, -38.2463, 3.602307, 30.121773, -36.71081, 27.414152, 35.58265]
[27.193974, 234.43141, 80.45815, 102.89245, 47.15362, 15.563027, 7.578108, -15.976103, -50.022167, -58.803585, -232.32086, -115.1656, -48.23719, -193.40582, -89.73801, -11.847753, -39.334457, -21.298466, 30.946123, 65.5777]
[59.36976, 61.62592, 38.236443, 101.94167, -61.47081, -31.452198, 186.43105, -11.316145, -0.8762441, 45.24705, 147.40332, 172.18004, 116.75838, 212.47458, 317.4345, 427.79608, 85.84743, 25.107122, 5.055658, -44.688164]
[29.928646, -113.5464, -59.250248, -72.62106, -21.05314, -73.83625, -29.202637, -43.3347, 202.54584, -60.07862, -1.423733, 16.221733, 27.074589, 227.8781, 32.91754, 16.491062, 17.98904, 24.95249, 288.99017, 139.15878]
[-73.028435, 70.59053, -21.648912, -80.21645, -62.137337, -35.36727, -29.58911, 100.61182, 55.713894, -0.019367727, 153.09116, 19.213858, -36.30288, -18.96502, -16.295708, -13.013138, 0.57171506, 35.846237, 83.93371, 45.528255]
[36.08282, 387.23547, 56.92338, 187.73997, 69.21021, -13.1172495, -15.732343, -26.209253, -13.223753, 8.863541, 9.446647, 308.76297, 11.90437, 26.749395, 42.006107, 252.40923, -8.536768, -22.929895, 4.3909593, 14.412118]
[34.792797, 44.199474, 20.571497, 23.392267, 11.292071, -29.931458, -6.8030276, 243.8669, 33.773335, -39.832653, -18.659874, 62.265186, -21.83961, 85.20261, -0.046787262, -10.249144, -40.701485, -69.949005, -63.868008, -36.10696]
[-11.545981, 1.1501067, 16.651867, 27.124517, 24.460924, 56.112717, 123.62043, 15.180637, 210.16237, 12.45026, 1.66936, 87.45215, -16.126024, 5.961802, -26.934954, -21.687532, -22.329185, 203.68532, -27.897375, -7.513575]
[6.842583, 125.22411, 2.233097, 8.502499, 30.89713, 16.3504, 10.403531, 291.45624, 494.48834, 183.8278, -11.890996, 164.63838, 3.680116, -30.418798, 40.00341, -46.37417, 44.181114, 108.430275, -68.24275, -51.622658]
[-13.946796, 151.24394, 60.248837, -8.564926, -13.716434, -47.53131, 9.93343, 8.8610735, 15.463916, -31.321615, -37.085564, 77.881996, -34.00908, -6.6364446, 40.033276, 109.51177, -5.4857125, 285.69098, -16.192966, -64.93293]
[14.437469, -38.708622, 113.17453, -14.316047, -6.591509, 21.859001, 27.934233, 1.7962725, 132.28302, -3.0223577, 118.650406, 4.2625103, 345.58856, 299.77274, 135.82814, -10.736761, -36.925907, 296.74982, -49.351074, -26.090004]
[-15.478121, -22.24434, -27.696672, -10.246262, 71.89052, -15.916002, 4.7498555, 3.7024357, 34.687065, 7.9437656, 4.6511846, 35.42777, 35.227028, 24.151087, 162.49486, 68.24694, 8.670033, 6.935668, 9.6062355, 22.573614]
[77.03075, 81.12417, 43.771168, -12.631297, 1.2066835, 12.007101, 231.09349, 77.80222, 0.14862047, 1.2943233, 151.60931, -19.456646, -4.5600414, -28.412027, 70.453606, -32.71202, -16.96166, 171.22737, -41.861195, -48.565136]
[-24.855238, -35.44153, 30.321733, 86.54851, 154.12154, -38.05496, 7.637372, -37.985188, -13.197954, -21.848886, 356.6601, -28.66855, -18.731688, 43.02682, -8.924981, 43.52781, 61.05703, 253.94554, 91.98075, 69.26261]
[-46.792393, 172.68393, -21.982946, -11.241642, -3.665011, 3.290736, 10.085453, 24.130945, 15.231599, 115.92749, 63.38147, 82.05985, 10.239061, 44.032097, 68.6505, 159.30136, 41.77285, -26.257275, 81.99117, -53.65266]
[-55.878567, -34.651333, -3.1789906, 313.74387, 160.37767, -34.77596, -18.552746, -4.0528994, -0.5567988, 252.88956, 1.1976231, 111.89266, 707.948, 3.11883, 18.075603, -13.504264, -6.9354334, -1.7056618, 9.602075, 447.64413]
[88.78053, -7.9694886, 4.0265565, -20.299877, 28.021973, -23.044222, 142.09154, -47.572067, 16.661388, 234.55025, -7.03267, -27.841915, -20.637651, -21.673534, -18.977716, 11.975511, 52.394955, -3.2106032, 28.936245, 3.4907]
[9.548963, 56.132004, 20.291656, 191.45288, 472.82083, 204.43463, 172.58745, 587.9793, 151.74532, 226.49959, 116.967255, 331.79706, 52.920353, 203.5291, 280.5323, 231.39764, 468.4141, 96.51149, 125.10391, 76.17069]
[47.54694, -11.252616, -330.46942, -199.05864, -50.759514, -58.846928, -259.506, -52.101418, -109.39182, -30.323221, 46.737843, -146.80475, -61.48608, 110.73922, 108.3076, -16.048075, -6.8065557, 29.607157, -41.57898, 13.402089]
[-59.979816, -90.109375, 14.614114, 148.8753, -248.7554, -118.7179, -193.76228, -192.26366, -110.59073, -99.70067, -31.313301, -116.29619, -74.50819, -71.4449, 177.07558, 277.08337, 161.7841, 39.609203, 121.81486, 14.793439]
[-94.900536, -114.99709, -33.99626, -45.135914, -23.05034, -17.682734, 126.14529, -3.4274364, 33.065994, 73.92558, 72.62597, -31.033773, 133.76205, 228.91666, 219.53157, 142.38193, 268.7391, 239.18076, 63.32889, -18.871737]
[68.446754, 30.416742, 111.39806, 33.981785, -38.918682, -90.812, -11.293599, -70.9677, -55.80182, -129.72636, -93.44668, -121.7956, 82.71064, -50.762215, 18.762932, -30.18696, 96.07305, 30.201147, -54.07536, 63.244213]
[-29.66698, -181.15166, -19.711464, -207.93166, -205.91757, -37.087288, 190.70319, 9.195609, -329.42447, -174.80937, -345.01556, 56.72128, 68.1952, 66.50309, 187.67372, 435.45715, 159.4505, 211.46547, 283.7592, 71.9144]
[-230.07181, 67.41151, -18.236723, -42.727833, -99.530525, -45.570705, -72.79637, -113.55737, -262.0307, -79.63528, -91.44966, -175.80563, -86.37334, 28.759748, -14.389068, 90.836395, -35.654484, -84.353424, -23.131824, 78.48073]
[31.664103, 123.45225, 279.8063, 157.95459, 209.65288, 215.10936, 49.863354, 31.094103, 5.0982685, -29.333036, -3.999439, -46.80719, -53.38769, -77.96048, -58.548885, -1.7593678, -88.073326, -103.51095, -180.29985, -100.398415]
[-117.988014, -191.53816, -48.753036, -60.656414, -40.07386, 11.8889065, -76.85109, 135.32793, -24.242353, 63.193905, 36.26511, -12.238771, 13.200962, 209.595, 51.849953, 188.8228, 51.27929, 48.25259, 136.67587, 135.31952]
[12.149679, 83.46555, 30.754173, 97.00625, -30.972559, 57.59411, -78.93942, 29.696888, -33.77039, 229.17107, 54.088036, -22.099577, -14.353882, -8.353196, -53.833862, 7.629146, -18.37051, 42.97642, 35.397663, 54.76704]
[-193.06107, -354.9613, -227.97435, -71.66137, 86.21065, 122.65161, 1.6822575, -12.600143, -77.62757, -1.4914364, -13.489975, -46.131878, -8.010344, 25.010885, -14.975026, -14.155905, 27.532526, -21.60657, 52.461357, 39.074734]
