[1186.7699, -2906.351, 9076.089, 10769.531, 4954.387, 846.53357, -1384.4889, -2100.3918, -2664.0208, -4006.7698, -7303.2407, -4925.919, 1820.1288, 1159.3585, 2133.2002, 1024.2878, -5510.442, -5439.8613, 682.6428, 4162.0127]
[-4002.7603, 4885.4536, -404.5932, -355.27435, -592.31976, 5329.4907, -76.92913, -1050.3187, 3480.5486, 1837.7441, -9452.009, -56.690773, -8268.378, 1400.9833, -4286.121, -228.625, -1165.0575, 446.17694, 6602.383, 2585.9724]
[3501.9502, 1847.3323, 423.65097, -7894.723, 273.6651, -1591.1646, -6804.5215, -552.72406, 2018.6738, -1837.3167, 137.14519, 1198.2667, -1368.4677, -5135.206, -6678.6035, -6823.614, 5737.9478, -8391.678, -11601.291, -3019.153]
[15064.162, 13699.544, 11031.591, -8681.553, 5193.295, -5312.602, 11619.011, -5377.413, 11912.8, -2385.8047, -6516.8564, 16668.648, 13496.426, -12848.506, 6911.3564, 9668.196, -24667.287, 8697.673, 5940.243, 3060.851]
[-4601.4946, -815.4707, -10616.283, -3373.6516, -1743.9137, 1338.0841, -11252.552, 1143.1967, -4098.3574, -520.63824, 2083.716, -6891.992, 2130.9507, 1219.7732, -1317.6189, -2280.1216, -2289.3076, 3309.4236, -1105.3606, 3766.8386]
[2661.2036, -5321.826, -11021.217, 1509.937, 6001.748, 4755.6196, -782.82886, 4795.8213, 3285.2634, -3422.3892, 194.94621, 1617.0087, -5090.936, -13589.15, 2478.8657, 1392.1725, -1247.8982, -7298.3193, -974.6922, -322.12607]
[-610.51715, -538.47327, -4591.845, -5136.3706, -85.561195, -70.92282, -93.98247, 14.534962, 10.650487, 73.01188, 6.0258574, 2.402607, -532.9693, -178.59053, 67.53135, 16.066734, -358.8315, -866.4949, -2331.563, 222.38698]
[141.68031, -817.71265, 150.57275, 61.002644, -2547.2693, 38.329483, -733.2617, 54.196705, -5.7486224, -339.25644, -510.39856, 41.019554, -2039.1886, -1506.429, 91.7011, 48.326225, 0.26608378, -2676.6826, -571.5602, 42.56747]
[-1300.3868, 42.351524, 3.9239054, -23.952633, -27.818363, -14.446952, -31.712759, 7.2865524, 263.63477, 134.82054, 72.58354, -53.532215, 3.8772247, -0.09471962, -69.10208, 0.65898407, -402.1963, -470.92523, 8.737226, -177.5156]
[10.965998, -410.47372, -562.9619, -1092.1307, 43.611565, -453.87582, -231.19427, 89.55514, 70.40081, -1189.7957, -1029.5273, 112.94219, -685.70935, 127.17129, 97.80565, 64.649216, 33.60915, -1633.288, 30.121145, 56.12903]
[-909.9304, 0.8351364, -230.16023, 8.5311165, 0.66546834, -5.9844894, -336.2604, -432.0912, -175.76683, -390.17328, -500.00104, -1323.9069, -288.77292, -333.98834, -375.06036, -411.37018, -437.06207, -445.2383, -426.87814, -369.6868]
[-255.03636, -4903.9824, 241.13008, 777.07117, -2264.49, 2422.9922, 3404.0852, -1783.7206, 5131.634, 4808.5303, 4056.2964, 3164.5396, -2755.5776, -1733.4136, -6992.2583, 6613.076, -9080.647, 7461.921, 6448.3853, 5213.571]
[3693.0894, 2449.3481, 1349.7943, 422.97852, -337.91803, -932.82806, -1390.4542, -1710.577, -2046.1282, -2209.6646, -1609.0583, -1099.3026, -711.697, -4817.3813, -3048.734, -5135.291, 289.3102, -6406.306, -1366.0552, -2743.364]
[781.40656, 495.85342, -2491.5054, -1798.8685, 996.84576, 771.7434, 530.2946, -6869.1763, 432.87634, -2858.5767, 478.86407, 222.81265, -5690.8413, -1155.327, 468.55768, 265.82724, -0.5125, -282.43802, -455.11606, -2854.5266]
[-490.24417, -571.21674, -468.65103, -307.90567, 604.9467, -306.0421, -114.10133, -5281.568, 251.59322, 198.9759, -1519.9899, -6078.033, 607.6005, 492.7915, 311.23492, 113.02469, -88.46184, -5935.14, -120.83294, -284.83582]
[-3034.036, -283.55545, -451.37823, -6548.133, -172.05223, -83.322914, 74.4735, -7247.413, 319.57156, 87.36995, -2113.7283, 94.73537, -18.378565, -133.88412, -271.9882, -3832.8206, -64.80677, 75.323456, 210.64844, -6740.807]
[-1083.2776, 1257.5513, 337.79486, 196.32597, 605.15216, -157.22527, -4140.762, -171.6082, -300.95706, -198.551, -89.18338, -3437.5676, 119.19938, 32.26507, -10588.824, 221.45705, 9.800496, -15469.181, 117.697945, -10318.879]
[189.20786, 60.77259, -6596.899, 10.290836, -13699.8955, 29.3302, -104.04012, -261.94455, -2053.5312, -230.14154, -156.18555, 43.63883, -176.63986, -16.299578, 151.39362, -2738.1963, 242.9543, 123.455635, -8360.569, -4896.261]
[381.98645, -5296.4834, 461.93692, 282.75104, 73.210304, -2553.0063, 26.36438, -127.35769, -7675.936, -158.3337, -290.67316, -1847.5521, -5517.2397, 9.799552, -6605.206, 59.46118, -5049.8696, 158.44905, 5.529541, -124.09875]
[-257.8186, -164.2275, -3661.972, -1674.3427, 43.9806, -97.34448, -4783.876, -78.77933, -5927.9795, -47.422718, -198.2031, -340.4082, -194.16582, -86.33252, -4871.081, 271.77032, 202.92757, -2816.165, 254.30421, -4055.0366]
[295.79526, 93.815315, -98.47104, -311.91306, -3378.8008, -4617.9165, 70.309395, -23.69207, -158.39801, -261.20453, -187.74147, -82.81902, -1.198173, -91.46342, -203.61354, -172.36578, -26.36123, -32.14928, 12.6911745, -145.00485]
[-2613.825, -1146.0938, 400.9645, 299.52045, 70.12192, -43.193115, -210.65402, -3738.096, -1769.1583, 162.92479, -4334.654, 235.59166, -4231.9727, -389.15057, 569.70306, -4428.935, -4399.9253, -5081.3926, 1755.0648, -223.00209]
[3127.8303, -5813.1973, 2531.714, 1946.033, 1265.5204, 641.20703, 150.20465, -3433.07, 95.90348, -129.57121, -326.96936, -2425.1274, -332.6972, -195.2951, -3077.9587, -241.2243, -125.61582, -1730.9624, 119.744675, 236.63382]
[-983.60754, -3434.8958, 802.9654, -4374.2876, -4412.6494, 1373.9283, 1339.3716, -4710.264, -3165.596, 2155.5151, -294.4164, -1372.326, 743.9842, 3558.409, 3494.2974, 3004.9905, 2460.0273, -12955.666, 2366.6602, 1652.942]
[1409.8658, 366.94385, -2042.9529, -1162.6401, -2493.6772, -1142.4552, 1569.4716, 1308.4003, -4388.38, 1203.6096, 960.04047, 673.778, 402.03357, -3185.388, 266.24542, 80.22004, -113.93624, -5351.3706, -172.26025, -2280.0073]
[-2312.1853, -3470.3052, -5.8158407, -5171.264, -21.108715, -2272.2842, -6303.4707, -2135.149, 210.0724, 323.09714, 252.23293, -2283.5625, -4657.0063, 782.4045, -2009.7784, 876.91046, 765.81976, 591.1517, 404.16867, 6.8199096]
[-2399.9353, 102.76494, -17.617285, -162.17047, -284.42044, -383.2289, -3607.579, -5138.3213, -237.94443, -59.046738, 55.56149, 54.190323, -1.7501546, -1862.4473, -3952.8958, -2014.6932, 465.12006, -3221.8242, 583.0949, 498.75983]
[-4813.947, 497.56204, -1540.4467, -3649.7046, 820.2087, 667.80273, -2025.0577, -1475.8835, -1762.3795, 1243.5662, 1848.4645, 770.2142, -4315.105, -1466.683, 971.71735, 759.08966, 527.12787, 312.61896, -2329.7935, -2588.913]
[327.0606, 190.70267, -6187.534, -1756.9526, -1822.3888, -2244.8635, -8153.0425, -872.9972, 921.9768, 826.7719, 677.82806, -4976.92, -1278.7892, 863.6896, 242.2241, 522.292, -6360.815, 427.05405, 495.22205, -842.43054]
[213.77948, 63.427612, -81.958755, -177.08502, -335.78534, -219.91328, -144.93907, -2130.6262, -5939.5596, -1731.2927, -4358.7466, 136.73674, -2045.8605, -783.9724, -485.0433, 403.47754, 529.1962, 437.32715, 271.5618, -1841.8315]
[-4884.649, -2559.3235, -2252.641, -6197.8096, 1052.894, 997.5277, -4869.4634, 1013.0695, 919.12994, -2208.236, -2235.3315, -1981.0492, -3061.6458, -5550.0815, 2167.099, 2069.9727, 1515.0334, 1514.0114, -4011.8918, -378.83853]
[1762.9497, 1523.2594, 2211.1484, 587.82306, 651.63696, -2172.1262, 519.1293, 338.41214, -1293.8293, 229.49742, -5930.8896, -6467.068, -4205.995, -6932.577, -7046.3335, -7001.1353, -9761.208, -7735.5605, -4961.1763, -4811.6304]
[-8444.486, -4943.8584, -7582.0386, -4597.7324, -4199.9326, -3183.5793, -2018.4529, -498.54636, 1873.0714, 5471.6064, 3681.2485, -591.4469, 20296.66, 34474.023, 36350.293, 15101.709, 11485.343, 4304.622, -9118.755, 5010.1665]
[6339.2925, 2837.6045, -2144.1213, -5409.9517, -7418.395, -8890.409, -9125.145, -9314.421, -8413.442, -5439.096, -13366.9375, -5634.0947, -364.97345, 312.5358, 1187.9758, 1994.2405, -8922.654, -4259.262, -620.7438, 3362.7358]
[895.9005, 2328.4998, 1042.5558, -13700.669, 1237.1265, 669.86383, -347.28177, -1195.5398, -7080.554, -8890.504, 3103.0625, -1141.6417, -12168.39, -867.9031, -1614.1616, -2282.968, -578.47076, -672.06506, -1223.1654, 422.28305]
[47.42591, -565.35034, -1145.1506, -7999.3853, -948.15906, -1512.2284, -858.006, -3120.7896, 570.63464, 400.82318, -95.18717, -324.2961, -616.29974, -1171.7831, 1085.5901, -1583.2793, 354.82388, -243.86223, 115.57404, 533.1537]
[1292.068, 557.0269, -1218.2961, 641.0461, -2556.8713, 690.3762, 46.35488, -552.1837, -1337.7322, -11555.835, -21525.445, 425.68933, 991.89545, 465.60724, -1694.9564, 682.00464, -6633.0356, 821.80865, 1978.0131, -462.31873]
[-405.56845, -1752.0375, -1421.0199, -811.40784, -278.941, 368.27615, 1084.5247, -1849.9598, -2857.6672, 2497.7812, 2026.1588, 1367.6498, 2186.8162, -4324.571, 453.26947, -102.7062, -749.5101, -1340.9026, -3345.3928, -1314.2552]
[-1272.4836, -405.5318, 30.16673, -553.2707, -1744.4646, -5454.5073, 1704.8951, 2497.381, -2029.7589, 1376.3406, -7464.5947, -1928.2174, -8517.272, 3411.9875, 2758.4788, -1457.5276, 2119.041, 2341.0688, -11737.21, -202.03972]
[4797.6694, 1678.2047, -6581.7173, -781.3503, 3162.2095, -532.3122, 3328.6604, 2605.591, 1777.524, 961.0735, -16527.332, 609.94855, -12163.662, 500.56165, -51.327866, -1132.3196, 61.032326, -1624.2189, -1651.1937, -2524.2197]
[-976.9677, -1128.0255, -52.129295, -600.4705, -247.16277, -1119.7799, 498.78778, 634.9691, -10727.774, 978.50464, -6667.089, 1377.0245, -2474.799, 1729.3212, 1334.3588, 872.9682, 384.77756, 989.2537, -606.04816, -941.4036]
[-4056.788, -3627.7917, -5105.9673, -33.000034, 387.87296, -5275.6787, 533.75214, -926.9566, -6552.9873, -80.1685, 1694.9464, 1467.1555, 2089.8018, 1638.172, -3326.0615, 391.15387, -71.14067, -904.76074, -1141.0245, -3415.6926]
[-810.9092, -422.19864, -98.2951, -7328.313, 412.19193, -1908.0242, -7800.8677, 1170.7571, 843.0829, -2282.8745, 844.68835, 420.56253, -79.419395, -557.01465, -984.42267, -1323.3599, -6044.037, -6908.83, -505.98672, -3253.9287]
[-5757.404, 465.8447, 668.0013, -13974.279, 1510.8461, 146.67865, 3002.2913, 1872.211, 1960.3191, 1385.7096, 54.969532, 353.27966, -252.67139, -550.1336, -933.9767, -1139.7708, -1828.3488, -721.7758, -3843.453, -16857.193]
[-8359.307, 179.6695, 570.48035, -10731.088, 328.05847, 185.74438, -1829.3477, 1668.7778, -2643.766, -345.40482, 698.3171, 468.1974, 611.6242, 595.30237, -210.04926, -470.56586, -680.82605, -2204.4868, -377.69238, -199.20071]
[30.121761, 319.32254, 812.60455, -2268.8845, -2030.6931, 1479.184, -6387.7495, 1134.5774, 475.8975, 391.27533, 86.507195, -1992.7218, 114.92006, -2766.8232, 44.105717, -253.67198, -559.89374, -7137.6636, -311.50467, -116.796974]
[102.45977, -4736.544, 312.1026, -392.34882, 425.05896, 320.37833, 43.69942, -2225.4763, -58.815273, -498.7219, -2461.993, -432.46677, -569.7859, -403.6143, -93.74088, -60.1166, -286.57077, -459.32217, -1918.2839, 49.39317]
[376.59174, 103.47539, -177.91862, -1769.6693, 501.45657, 163.38861, -149.08516, -431.7155, -2065.2603, -31.260658, -1513.5217, 571.7249, 336.15045, -1212.1317, 505.8623, -5671.342, 655.5867, 318.84372, -5210.1143, 236.87744]
[-92.02649, 681.2133, -2311.8164, -413.32782, -5383.7896, -1978.9968, 941.6803, -124.40472, -1490.9247, 72.94035, -69.28971, -207.96683, -5645.034, 89.86476, -43.06731, 85.8478, -4459.406, 103.53333, 257.33615, 149.28323]
[-86.25178, 6.5505695, -223.99342, -165.11479, -7459.6357, -112.91021, -245.87314, -3444.8103, -159.43321, -7348.0444, 141.37813, 397.51282, 664.9867, 444.80548, 174.90732, -4963.316, 152.9031, -85.06758, -326.92026, -3707.8508]
[-3156.089, 248.16582, 176.8687, -2033.5382, 158.13287, -3269.038, 1303.3826, -2518.6511, 3023.3042, 2482.7483, -76.47965, 1184.9701, -3224.613, -7220.348, 765.0315, 1368.5568, 1229.5067, 73.98354, -1093.2898, -60.5355]
[-453.236, -3179.075, -475.6413, -286.03836, -301.1202, -213.10014, -4055.3503, -301.078, -385.88177, -507.57254, -590.28503, -520.7362, -2025.7026, -3834.6902, -135.90059, 67.615456, 107.91869, -220.25581, -2734.6045, -1752.5735]
[-1834.4049, 924.10333, -3651.7654, 1280.8843, 1046.5797, 704.824, -4735.1895, 130.61174, 665.58044, -101.126785, -2204.2322, -245.67644, -351.21857, -343.58786, -607.7268, -105.068146, 100.81702, -3489.323, 95.82604, 32.698353]
[-561.8943, -3625.2407, 192.10652, 83.368324, -38.29203, -71.03418, -112.29145, -1022.39636, -124.82312, 39.605434, -912.40045, -1525.5625, 771.3602, -5052.906, 1401.2291, 1052.8118, 970.3997, 633.3521, 268.2496, -398.64368]
[695.0978, 1153.6322, -5949.2725, -2256.3003, -144.14566, -1521.0474, -5742.1636, 48.830444, 799.287, 465.95163, -5012.911, -1619.847, 817.9013, -2340.6277, 1455.5531, 1208.0063, 812.8285, -2231.9487, 565.1364, 330.31525]
[-22.842184, 1120.981, -627.8001, -712.9961, -648.4364, -4887.491, -501.44272, -4981.974, -3726.903, 161.66469, -1169.1277, -0.6534932, -1694.0203, 161.08888, -10738.498, 300.68765, -3557.1526, -1853.6903, 769.7504, 643.5619]
[427.47678, 142.86986, 76.82671, -1694.6405, -29.217428, -1300.5178, -117.50072, -223.90506, -164.69481, -100.94599, -32.90821, 52.055714, 160.12323, 206.44264, 366.7207, 421.76498, -697.27545, 646.4644, 542.7016, 395.57043]
[-3439.9834, 373.79645, -1627.3242, -5245.0254, -2840.0083, 854.527, 756.4762, 987.0167, -4479.274, -4716.586, 628.1803, -1931.89, 694.622, 446.90085, -1151.2762, 369.28543, 137.006, -1632.68, 225.85074, -5715.9067]
[48.79296, 89.645386, -16301.469, 264.42117, 71.62751, -2998.5579, -84.57798, -857.5909, 159.12074, -825.806, -1056.5515, -6847.8438, 1024.6312, 855.75397, 150.63805, -359.0606, -1265.2714, 1595.0505, 1321.3372, 943.5997]
[536.33374, 144.0435, -609.0919, -589.5251, -622.94214, -5094.411, -596.2642, -473.97028, -344.08014, -5677.4053, 7.5664716, -2916.4841, 346.59174, 316.91055, 218.75104, 83.95078, -3274.2185, 83.22741, -25.826488, -843.828]
[-101.213524, -2465.9597, -148.32709, -226.065, -286.83115, -3871.7249, -190.79703, -846.97375, -7446.197, -150.61507, -81.309326, -5046.6865, 378.1414, -3510.4617, 736.0104, 693.56616, -2047.8938, 1421.9642, 1358.6758, 1102.9039]
[797.401, 478.7124, 166.28522, -115.16653, -5727.1865, 1299.4827, -467.1214, -4954.169, -796.0689, -7335.7285, -4448.851, 337.53986, 295.0129, 24.691442, 240.3082, 136.4786, -101.59554, -2279.5603, 234.56403, -185.66081]
[-194.45345, -147.5859, -149.40546, -1016.95325, 64.33112, -895.6258, 466.78333, 371.4204, -1234.1185, 407.50244, -874.29895, 30.043295, -303.65668, -1207.279, 889.0554, 1525.2986, -417.49136, 708.4728, 915.4809, 154.01476]
[-597.0969, -25.385225, -4980.012, -5421.7896, 176.07562, 63.86401, -108.35342, -239.35777, -1778.0365, -799.1567, 45.818863, -178.74393, -679.5357, -6431.83, -6261.7876, 1349.4563, 1136.1193, -912.144, 1585.0875, 1229.685]
[161.8599, -1422.5408, 872.57025, -1726.1079, -13348.682, -1723.6489, 945.8802, 1922.6836, -3704.2837, 2058.9136, 1633.5026, 1066.9805, 492.13455, 418.99997, -8529.974, -399.54187, -581.75366, -789.0449, -784.47565, -670.88086]
[-234.72812, 3005.0647, 7314.73, 10158.241, 10632.91, 3343.9111, 13015.692, 8112.597, -11249.045, 9682.595, 15952.643, 10654.781, 450.08994, 1471.2745, -15992.892, 1832.3536, -489.18182, -2305.112, -3357.887, -6527.839]
[-9739.636, -388.15964, -1874.1696, -2018.9983, -1280.6262, -4648.678, -320.54865, -2430.4265, 726.1059, 974.7978, 521.39636, -20.023552, -536.672, -886.8047, -1049.215, -4244.958, -260.11435, 9.5546875, 428.0543, 171.93576]
[-118.857956, -6504.1865, -6234.419, 384.02792, 44.609673, -243.34148, -398.0123, -307.7773, -219.01666, -118.06205, 34.008724, 243.66278, -3931.7244, -4447.118, -2354.0457, -8502.566, 742.6943, 2788.3723, -1741.9664, 6970.583]
[19091.154, 6799.7246, 15157.733, 17467.367, 21263.44, 17593.69, 13480.809, 9482.092, 5750.192, -12125.295, 4777.2153, 2090.731, -50.13509, -20713.408, -303.18442, 446.53308, -12957.566, -1180.1938, -1602.9089, -7084.44]
[-2541.149, -761.63855, -700.2983, -257.6119, 171.5576, 449.53217, 54.07809, -2876.4502, 190.58168, -208.98845, -3151.4546, -137.80862, -423.6589, -2931.693, -3447.3633, -46.469143, -258.3145, -73.11193, 118.32425, -693.5467]
[-343.5836, 600.9074, 314.69766, -29.348658, -1259.7094, -54.55347, -17.15168, -4205.419, 46.23725, -194.0095, -401.42044, -212.45396, -3107.4404, -950.2578, 506.63855, 256.2462, -1231.9811, -5107.4175, 920.7617, 562.76117]
[108.11437, -257.2758, -7101.908, -248.66425, -424.1377, -514.19916, -303.85846, -1176.8104, -1032.4636, 118.66956, 367.47888, 311.87125, -985.9789, 423.4791, 136.06352, -33.45645, -246.68333, -383.0922, -405.15506, -248.49477]
[-166.26375, -1980.1804, -730.8871, 242.61069, -2444.4373, -2266.8635, 1001.85535, -605.9842, -3541.721, 2277.5542, 1890.8739, 1338.7662, 763.68085, 258.63977, -2461.2349, 187.05232, -3934.6829, 102.01509, -2452.2615, 52.45213]
[-222.6148, -1780.5269, -4996.2944, -44.167957, -254.73402, -344.2808, -1864.2355, -1901.1111, -3695.7776, 128.66023, 257.6834, -1445.9076, -3588.5725, 1233.224, 1020.7358, 697.7024, -2433.6577, 753.0087, 292.77155, -4542.4697]
[-3591.932, -1390.4089, -2422.7056, 2087.731, 1540.1445, -252.70111, 1823.2223, -2112.0889, 1799.323, 1198.9374, -4816.137, 1107.8679, 587.2333, 119.67976, -350.55356, -440.62057, -470.53363, -333.65814, -192.67534, -516.97363]
[-142.64505, -1040.0669, -149.23041, -126.850136, -68.52477, -1301.6616, -2534.1956, 396.6176, -4402.196, -2340.9614, 1456.3, -3156.546, 1961.2948, 1450.2936, 1232.1023, 771.3897, 311.8495, -89.59178, -374.68372, -602.63983]
[-710.94586, -1697.237, -386.21667, -277.0606, -183.76735, -2573.059, 138.03912, -4392.694, -2239.5618, 574.7164, 446.51474, -1119.4613, 585.87427, -4738.5283, 683.89325, 456.42032, 564.2627, -50.388767, -3006.5796, -1434.6116]
[76.893105, -67.893295, -3653.4624, -83.2826, -232.92001, -323.4955, -338.77603, -228.71652, -143.00687, -3406.859, 86.303955, 258.96283, -62.505615, -160.62782, -216.59714, -168.39511, -38.911587, 72.02873, -2650.4287, 250.21056]
[28.03836, -2373.9827, 248.85085, 250.9504, -25.603657, -114.75747, -219.92598, -224.49367, -80.17791, -133.8545, 6.8646646, 154.02264, -622.22253, 309.01337, 286.02332, 141.99374, -1013.98047, 128.93687, -20.83186, -171.0679]
[-262.06802, -225.56331, -150.861, -62.514164, -3554.0054, 5.0745974, -58.96102, -132.11234, -168.14366, -100.94422, -26.620361, -1893.8561, 56.941822, -20.387794, -89.88648, -60.52812, 4.0660763, -546.3287, 99.86374, 7.4235673]
[10.504806, -17.780077, -86.756584, -61.900112, -3711.4526, -3508.5447, -3837.8936, -4064.1663, -4066.4104, -7631.411, -3823.3203, -4491.3853, 12611.722, 26451.287, 53677.41, 55802.746, 43929.574, 26326.088, 11472.136, -9406.412]
[-18363.113, -10636.915, 3700.3723, -9860.5205, -19625.768, -24628.08, -23493.127, -50510.14, -18008.635, -4865.272, -11514.879, 4517.113, 9873.156, 9138.425, 6057.7925, -9759.032, 7422.602, -4405.322, 3607.5613, 19578.717]
[13062.561, 5952.2666, -454.51172, -5485.9316, -8892.213, -10715.772, -11303.792, -7660.936, -5607.1216, -3769.0588, -2181.1292, -6903.837, 539.0158, 2272.607, 4458.013, 5252.643, -3377.381, 4702.6265, 2922.424, 850.4711]
[-13342.249, 585.0525, 208.13951, -3122.7913, -8925.814, -664.9392, -1361.6437, -2120.4268, -2336.2964, -801.3848, 1189.0735, -6894.873, 1994.6393, -13160.201, 1650.6195, -5642.1704, 1854.353, -2780.8865, 2283.8142, 621.6008]
[-9292.199, -13346.396, -14048.891, -2765.0796, 8240.467, -8529.048, 10642.136, 7697.98, -1460.5195, 6871.869, -600.1712, -2523.0947, -4165.7544, -4817.277, -5188.4146, -3700.4475, -2794.1401, -1841.8379, 640.34595, 130.51772]
[2305.6758, -8581.1, 4347.013, -11822.56, 5910.2544, -10251.625, 6497.726, 793.218, 7982.1094, 6075.9966, -1193.3058, 1405.3873, -767.601, 364.15527, -7080.924, -14097.184, -1887.0457, -10099.199, -6721.5283, 1589.0789]
[1656.1959, -526.091, -2.6861815, -7480.671, 395.16837, -5023.001, 2617.663, -894.818, -2471.21, -3965.8608, -8259.115, -1442.674, -5821.6904, -160.47015, 358.37497, 1976.676, 835.43585, -610.5326, -5590.638, 157.55685]
[-2108.0051, -3632.2996, -17101.363, -12175.896, -4358.842, -17447.373, 3356.5208, 1903.9586, 109.392586, -1741.0332, -2690.3303, -1322.8313, 272.34683, -104.98436, -1548.9377, -8109.0674, -1109.137, -2672.2744, -6084.99, -1943.5356]
[-241.28244, 1121.2733, -1276.3821, 1846.4761, -173.43063, -2128.0068, -18157.555, -721.2001, -7062.2363, 1086.3245, -3883.1445, 3039.2466, 2648.4438, 2326.4084, -877.8608, -18753.082, -1052.0044, -2287.3916, -2813.0725, -2415.1052]
[-1022.7862, 375.3243, 2057.5273, 1062.7344, 556.1978, -84.14896, -6130.1436, 164.0437, -1050.4966, 220.8857, -16017.618, 837.2801, -498.81717, -552.755, -6157.315, -978.10724, -1137.0411, 365.29498, 1871.6367, 235.35756]
[3126.281, 1571.3856, -190.25024, -5887.208, -522.7481, -8506.778, -4744.6665, -987.903, 4205.9824, 2367.4077, 362.0065, -1472.7896, -2917.9727, -3880.076, -3359.7058, -2200.2415, -1046.339, -4231.093, -5558.3447, -677.95154]
[337.24814, 1857.0255, 2704.1533, 4655.443, 4363.747, -1713.2917, -1626.9539, 8456.644, 8187.5073, 6386.238, 6772.771, 2146.4685, -11168.638, 1606.8114, -13070.621, -456.8423, 2213.062, 1269.1664, -9791.562, -9906.413]
[-7981.338, 3916.6775, -4843.8467, 4343.3228, 3068.1958, 1542.6368, 15.283984, -21580.426, 421.89297, -1905.1237, -7334.898, -1057.5054, -1053.5952, -1769.0033, -2110.5945, -679.41187, -420.70392, -6180.02, 1465.2517, -7755.6074]
[2862.733, 2400.1711, 1536.6926, 490.95084, -591.52515, -298.5286, -13791.1455, -603.4307, -1064.9617, -8431.23, 1714.3124, -2280.7178, -6343.644, 4665.321, -6086.2866, 6532.2915, 5426.9214, -14181.377, 5831.5913, 4263.885]
[2373.3728, 1924.6285, -1599.4989, -2333.8977, -3379.893, -6675.1665, -1940.3723, -1851.1078, -7797.955, -418.80075, 309.79623, 1004.65796, -2925.5886, -6396.025, 3961.302, 3678.8254, 2929.426, 1950.5801, 856.4039, -5685.2344]
[1805.7906, 514.9903, -1583.2313, -2286.5557, -1940.4274, -12866.3125, -752.7283, -10895.098, -364.64908, -3577.3777, 1572.9578, 1599.2369, 1168.1951, -4501.536, 2737.5945, 512.6862, 123.91422, 91.86153, -688.403, -1644.2911]
[-9482.35, -664.25903, -2818.3208, -3772.071, 872.4737, 327.25894, -7966.975, 3525.2173, -212.24574, 1378.3394, -4367.6772, -424.5754, -139.41096, -762.7831, 779.6885, -6975.123, 1218.5382, -3265.387, 1647.4916, -302.4127]
[1694.153, 928.7099, -5519.839, -823.00085, 2529.2092, 1600.2642, -10537.954, 1481.1007, 395.68808, -751.7493, -1774.3541, -2555.2578, -2097.5671, -1557.1389, -961.8302, -287.44354, 497.02362, -8947.564, 1537.8074, -2805.9502]
[2665.436, 1976.3784, -14943.373, -7052.607, 3127.1165, 2350.3293, -3122.7761, -3162.0417, 3085.7473, -9630.119, -6716.123, 5393.972, 4520.226, 3275.039, 1913.1263, 1030.3127, -1105.0536, -2246.6604, -2300.4646, -2017.2784]
[-6529.02, -1067.9885, -4957.378, -17.349771, -114.75771, 506.22195, -8891.265, 1414.109, 2764.0122, 2638.3545, 1891.2872, 895.09827, -104.407875, -7893.6694, -252.35857, -1075.9193, -1554.7098, -1199.7692, -1058.0132, -4186.165]
[-1057.1848, -812.9667, -271.00235, 588.34607, 1866.446, -715.26917, -4538.3853, 2827.1428, 1392.9019, 238.76749, -6719.69, 76.46244, -481.77167, -3199.161, -271.8923, -829.68945, -1439.8394, -1523.2128, -1086.4342, -423.1725]
[-507.0054, -499.59558, -7460.477, -4754.604, 1485.6315, 583.74115, -143.2492, 428.3755, 136.15619, 217.20633, 1090.0632, 497.67218, -297.20636, -824.6737, -5473.8237, -32.12172, -20.434185, -3816.0798, -4397.5146, 2495.0989]
[1181.2892, 598.49164, -217.94945, -889.6584, -5311.865, -976.5479, -9139.583, -410.8929, 172.192, -16516.633, 144.00807, 1804.4364, -12659.605, 2353.2263, 1513.9644, 191.9163, -947.3271, -8695.642, 34.89219, -4433.7256]
[16.481493, 729.3744, -3257.7322, -6995.9233, 3200.7969, 2509.7583, -6188.929, 2991.4553, 1978.0712, 850.29065, -11207.665, -5670.609, 1601.7867, -7690.961, 1653.4885, 1309.5021, -251.84749, -880.2484, -1492.8005, -4469.6763]
[-866.7628, -14597.7295, -8479.837, 258.44537, 349.03815, 178.72517, -115.85063, -890.9361, 277.8757, -110.44285, 215.85794, 527.8968, -9702.219, -6695.351, -5757.8687, -4596.922, 2916.634, 2473.1008, 281.08948, 735.4812]
[16.156738, -886.1762, -1686.2235, -1583.6362, -1190.1078, -700.0896, -96.98742, 501.52997, 404.11542, 138.35576, -272.27585, -749.6771, -1172.3054, -1239.2682, -1567.0604, -1155.4735, -9803.225, -391.1397, -3003.3477, -6972.8745]
[1082.3308, -5710.103, 1611.7732, 1284.663, 730.57336, 55.877605, -645.18945, -560.1845, -6982.8384, 37.127766, -1916.8082, 561.3316, 282.13983, -160.42065, -662.57654, -996.8358, -3714.5032, -278.38028, -5359.5854, 295.19073]
[172.03975, 577.61707, 204.8576, -3714.0916, 247.9016, 1197.0427, -9278.015, -364.80173, 317.54514, -591.09485, -6910.5337, 309.2713, -3778.9182, 698.4338, 2474.4072, -4681.2627, 3717.251, 3137.829, 2148.3867, -11162.29]
[2636.5745, -3429.2053, 205.68231, -2734.341, 1671.6337, 886.51196, 713.4482, -130.9598, -3303.0574, -775.6967, -776.7155, -896.2868, -265.24307, 112.4567, -2723.0981, -15541.681, -758.1579, 1806.1824, 1566.8344, 1690.1484]
[-3984.5188, 1031.1393, 515.64703, -92.89599, -7006.9976, -473.28604, -516.43475, -352.75403, -438.02728, -3591.8445, -855.9435, 275.06238, 438.27014, -5310.4175, 2718.6477, 2871.7568, 2374.7007, 1611.532, 1068.641, 807.00995]
[-785.84296, -1168.8033, -1143.5266, -974.9877, -1323.0125, -749.57806, -417.5075, -39.33402, 467.76065, 824.8586, -1455.8282, -7719.8613, 3176.8704, 3095.7815, 2636.2825, 1546.657, 1011.0341, -47.939777, -201.97484, -361.99478]
[-1437.9958, -9359.849, -1144.9169, -905.46686, -883.546, -10605.112, 78.574265, 557.551, 478.59952, -8078.8467, 1107.9667, -3564.6282, -9813.235, 2446.9338, -10020.154, 2914.8337, 2499.107, 1745.8657, -13505.8545, 1574.5547]
[678.7319, -2453.7688, 369.97018, 1925.012, -943.0599, 270.31393, -1663.2527, -1048.1853, -746.1945, -11766.83, -132.78297, 547.4, 567.2524, -409.3239, 1045.5149, -2482.3896, 1582.7871, 1097.152, -12296.475, 1601.1654]
[1110.1227, 498.1798, -1782.4222, 307.5285, -555.07837, -808.24963, -752.52966, -4666.813, -1824.2377, -82.320724, 1142.8817, -6596.6377, 187.35713, -1547.8074, 228.18417, 1220.0731, -258.22235, -6568.2783, -305.08908, -1849.1792]
[-2574.487, 305.00735, 538.1066, 1606.5427, -4208.7607, 1018.63464, 887.33685, 574.8806, -5198.5054, 327.395, 5.276416, -452.9116, -529.46814, -2923.4883, -274.36826, -13273.19, -4245.859, 636.67224, -1435.556, 2462.1006]
[913.0717, 817.06024, 514.2101, 385.18002, -253.98082, -2496.915, -282.8546, -5746.3623, -406.58038, -447.02017, -2495.5425, -118.99283, 153.90622, -2748.3337, 520.346, 364.80762, -3505.5557, 340.07507, -2143.6982, 530.4642]
[1189.398, -117.811485, -3305.396, -2725.223, 284.99286, 22.41375, -293.57416, -593.1045, -556.7754, -358.68204, -69.76126, 82.94837, 306.7472, -1100.2227, 457.50223, 417.53668, -16.695131, 318.75238, -556.6608, -294.12796]
[-333.42258, 95.49546, 536.1493, -5913.247, 1314.8236, 1294.3893, 1317.1355, 631.1122, -551.85455, 322.75888, -6746.683, 254.91335, -7766.04, -13830.074, 474.71088, 13.9435835, -310.5594, -7561.529, -123.0162, -6324.932]
[1004.5277, 84.354294, -2592.0164, 197.26846, 523.37714, -1789.0979, 818.3344, 519.0555, 121.59139, -302.9179, -711.03735, -700.20154, -559.8979, -2960.6262, -6101.08, 188.50632, 150.94803, -30.02105, -293.3637, -8009.3965]
[-1974.4377, 2.438924, -7270.4453, 390.13675, -6433.145, 665.6624, 446.85443, -1086.5636, 342.60544, 293.39954, -273.11758, -540.7138, -6424.6704, -303.50497, -66.656685, -2482.4482, -11406.077, -2636.264, 1741.2374, 1429.7485]
[1431.5461, 1140.0316, 682.09686, 183.81694, -5651.6675, -17.282736, -342.03122, -521.48364, -296.0104, -294.9256, -6749.745, 469.65427, 756.37524, 672.33344, -7436.7715, -4855.355, 972.5418, 1308.9956, 556.78595, -2583.674]
[791.70764, 411.97086, -4083.7317, -1937.6239, -2135.822, 1081.4911, 563.537, -5270.251, -5578.414, -1285.1188, -9054.002, -2693.6929, -3572.2375, 3641.067, 5395.489, 5202.9116, 4812.147, -297.9395, 3268.9368, 503.90924]
[720.0453, 651.2592, -2730.9297, -451.77444, -702.515, -6698.6646, -823.51965, -658.851, -488.02142, -257.0511, -5654.6675, 48.051384, 353.3913, 279.1475, 822.94714, 600.03986, -5251.163, 2387.606, 2464.6611, 560.96313]
[-15910.7, 2434.5063, -5081.1606, 2619.3604, 2354.8704, 1791.8293, 1184.0704, -6228.7607, 766.4425, 194.35533, -6332.42, -3922.4597, -217.94588, -344.88824, -568.50104, -2832.157, -324.49506, -57.654964, -6158.7544, -11458.439]
[-4890.2896, -20731.742, 564.7104, 1430.9467, 2188.5034, -8198.149, 3478.6162, 2845.1116, 3280.937, 856.7522, 14.65, -1263.5642, -2399.913, -9914.901, -7199.2627, 1321.6797, -3683.3884, 1797.3518, 1007.1822, 75.3416]
[-881.11053, -1807.7299, -2172.5032, -1802.1864, -3131.3677, -3377.722, -2976.6584, -1762.4252, -1187.575, -2174.3855, -2688.7097, 1112.3726, 2145.4307, -2747.535, -9264.506, 4840.675, 1893.8312, 5719.8213, 3206.6323, 3481.2942]
[2572.8857, 1550.1342, 719.44196, -517.18665, -551.4071, -6081.976, -726.52484, -1277.3014, -986.7887, -7052.4146, -804.8629, -1630.6411, -440.1367, -4166.2026, -2583.5183, 299.1159, 113.14272, 334.42694, -2209.4836, -928.13306]
[414.36127, 1635.8518, 162.06512, 1924.7284, 1410.6714, -1334.1981, 1383.0536, 877.8873, -3264.3, 717.59064, 257.61664, -8973.153, 22.043612, -1698.9415, -8092.9194, -4983.462, -4661.6543, 37.874756, -5938.351, 4437.1006]
[2322.326, 2051.8474, -1047.9513, -514.529, 2801.7722, 2225.4, 1552.9009, -8465.207, -6727.725, 1964.0499, -1439.8275, 1992.3141, 1497.1417, 916.4984, 362.42227, -144.94684, -580.1055, -938.223, -454.099, -6793.6045]
[-6328.4404, -468.2612, -724.9413, -218.63814, -574.00323, -8024.05, -22.83378, 234.03447, -1534.9523, -4821.31, -968.9249, 2362.0984, 1619.3424, 3260.154, 2602.3633, -748.1096, 2825.6846, 3254.947, -45.81823, -11209.823]
[2568.1323, 1728.6936, -5931.9004, 1462.7231, -4763.9897, 1298.1073, 653.3803, 51.8902, -1616.2141, -5616.825, 878.52185, -1863.0227, 204.25294, 1352.4569, -5119.2515, 1418.7156, 878.7201, -5961.4478, 179.30501, -6839.796]
[-6180.306, 639.9547, 316.58002, -1114.4584, 292.68002, -565.43164, 302.11853, 495.8619, -394.39832, -64.73557, -1987.6531, -388.76706, -2285.61, -5943.9956, -3839.2742, -5365.3315, 1053.3444, 429.06427, 343.1146, -72.24393]
[-217.04758, -466.0543, -5162.4624, -368.1755, -207.19168, -1180.3754, -210.47243, -178.78458, -221.39136, -5669.4434, -5517.476, -11174.92, -4786.799, -5164.23, 1315.1892, -4251.609, 3268.9712, 2006.8988, 927.15875, 2102.2295]
[578.5524, -1425.3962, -702.0017, 96.927864, -2908.3806, -2953.0854, -6530.0825, -6577.73, -609.90247, 3175.6797, 1806.4127, 2132.2275, 1467.3895, -1536.9602, 1290.927, 748.82587, -446.64224, -8854.307, -9538.59, -9394.156]
[-30.56468, -2423.9783, -6291.9175, -5907.022, -6087.922, -7671.092, -11738.298, 2963.5352, 41.82279, 4595.0186, 5741.2744, 4586.1865, -6331.703, 248.24791, -4298.8535, 1346.7795, -6060.0967, 3792.5403, 12084.701, 3699.3625]
[12679.724, 10621.819, 8226.234, 7519.038, 2786.7717, 1007.77094, -5483.924, 1806.533, -1783.2303, -1329.0546, -2156.0447, -11387.647, -1966.7247, -2640.2788, -4186.2437, -3198.294, -2866.196, 1285.9419, -2698.344, -1928.296]
[624.16144, 2392.75, -8102.774, -1861.5284, 918.24805, -9766.141, -6647.2446, 5972.294, -12076.217, -2211.219, 395.44244, 4207.452, 26747.059, 26115.582, 23688.143, 6947.8784, 3502.2654, 1107.392, 11630.529, 10047.909]
[8040.907, -4254.4, 7649.8433, -11217.094, -5346.1665, -4928.6313, -3599.0076, 2117.2292, 6380.3726, -585.4553, 890.52563, 4903.781, 3701.507, -11910.259, -7772.101, -20102.846, -3218.8499, 5440.033, -5352.0894, -6530.803]
[-7848.2456, 7825.338, 7397.258, 1840.3357, -7574.624, -4530.3574, -8590.803, -7147.714, -1958.9911, 152.22182, 1888.389, 460.4237, 18662.49, 1623.2916, 3414.134, 31345.129, 8266.014, 26274.676, 8522.903, 11294.261]
[16865.402, 9727.248, -4515.942, 3024.369, -13591.706, -2452.3042, -1294.1133, -1289.3317, -54.199673, -16326.731, -8096.9272, 2936.5479, 8257.938, 15137.054, 31785.85, 14220.704, 25830.596, 25389.416, 26165.314, 16774.3]
[15099.579, 12005.234, 2248.6797, -7235.2847, 3667.0845, 722.9366, 2727.089, -2159.3606, -16331.06, -2532.3271, -2963.7976, -3836.0447, -21055.852, -22898.201, -20099.938, -19426.045, -25128.213, -23845.584, -14882.804, -20434.492]
[2718.8547, 2088.8755, 1497.6978, 103.0084, -9848.938, -17053.672, -16168.419, -15489.988, -14791.122, -13669.323, -12632.21, -11352.92, -7221.4946, -7840.2705, -5026.2803, 5085.0576, 2126.5154, 8097.1797, 13713.208, 23803.518]
[35899.504, 9540.432, 24250.855, 7320.955, 1047.842, -3428.874, -6560.0596, -12127.696, -2638.0034, -4405.377, -1385.7616, -1348.0757, 15223.704, -1849.2672, 1372.0458, -2077.37, 7635.4775, 4919.967, 7954.706, 6006.3506]
[12461.79, -11397.076, 11793.079, 5950.7314, 17894.04, -3740.663, -7433.8706, 552.3757, 4374.2827, 16060.228, 12966.437, 1950.069, 4958.764, 2048.2893, -3483.6067, 8077.567, -732.20465, -11377.181, -9067.9375, -9504.255]
[-10639.215, -6325.4297, 2190.0718, -13931.011, -6194.2124, -6053.544, -967.16614, 452.873, -6651.991, -7931.7856, -1668.0063, 1427.5542, 5090.822, 11511.094, 6349.3784, -5253.5244, -862.97925, 7977.803, 4644.9067, 3314.9446]
[9056.263, -1293.9998, -4550.938, -4209.6724, 11009.203, -4084.5896, -2546.8088, 1246.017, -19750.088, -10912.298, -13980.608, 3068.4219, 1318.471, 13559.38, 8386.747, -1527.7947, -597.4062, 14753.475, 12796.129, 5639.401]
[-1223.426, -1512.5852, 4043.2515, 2333.587, 856.19666, 1476.2631, -14505.946, -1615.5106, -4938.6387, -1492.2125, -4704.262, 653.0423, -7916.422, -3144.462, -605.663, -1240.8462, -1939.782, -11164.876, -14999.67, -672.23645]
[-1206.0642, -17571.838, -695.23956, -14093.643, -11763.349, -12353.2295, -11231.75, -10097.11, -7720.5605, -11982.971, 1703.548, 28015.527, 17835.262, 11331.1, 13292.45, -8635.964, -13883.717, -22621.104, 9525.312, 37131.203]
[30975.988, 23290.848, -535.7385, -880.04425, 4648.5493, -1372.8895, 1318.5239, 7653.148, 9283.953, 41777.945, 32679.434, 23336.248, 14930.162, 4984.4185, 3015.888, -10995.778, -2080.6917, -2230.573, -3313.2307, -2802.667]
[-3157.0894, -19974.746, -19652.824, -10268.759, -24779.31, -15997.581, -18396.826, -17714.238, -12550.748, -14891.815, -732.7139, -3825.284, 3707.825, 8464.932, -153.27396, -1974.9178, 5579.7144, 5426.1895, -4208.1377, 5439.3584]
[230.27943, 3603.7417, 3482.9165, 2585.1494, 1698.1273, 872.06146, -623.5976, -670.0824, -1252.1764, -4722.3354, -3969.763, -1793.5249, -590.36743, -4154.1177, -478.33444, -13693.63, -608.76874, -6.1769204, 581.0875, -10270.563]
[-17274.72, -12333.6455, -14987.502, -16260.285, -14776.48, -21352.7, -6760.463, -11635.432, -14263.6045, 6234.0093, -5641.0103, -179.52357, 21084.592, 20579.041, -908.6482, 2042.5859, 7460.442, 21838.562, 20277.45, -1359.0646]
[1572.0948, -759.2289, -7908.1406, -1142.4937, 1629.2987, -6436.1997, 4362.4473, 12554.075, 8509.806, 1030.0197, -1872.3826, 2760.1372, -32.73724, -5520.145, -12957.138, -15464.022, -4744.3843, -2834.2932, -2724.796, 72.19004]
[5712.218, -4845.645, -5775.1772, 14149.068, 2963.51, 1999.2994, -768.99243, -1617.943, -729.08453, -2105.0696, 3881.5508, 17370.42, 11327.89, 8468.028, -4896.125, 7717.101, 6789.524, -6583.247, 5513.781, -1318.2015]
[2834.857, -2863.147, 1469.8438, -7384.678, -29.632877, -14200.577, -293.52, -913.51263, -2698.3997, -2114.1755, -2046.9813, -13607.843, -13007.722, -15429.353, -12383.134, -12063.06, -11249.481, -4577.678, -11154.694, -10717.15]
[3155.4314, 2979.0337, -3910.7725, -10175.198, -3162.2888, -8860.833, 225.26726, -6717.648, -4754.7524, 12117.894, 11958.912, 11261.831, -4591.5376, -7131.059, -7909.7544, 1052.4331, -1750.8547, -2687.532, 3152.684, -9848.048]
[11953.31, 11008.606, 7778.842, 6367.884, 17246.146, 11485.173, 5803.1333, 7975.8047, 1978.6962, -1893.1205, -13198.05, -6075.2314, -7386.8813, -7127.346, -5636.044, -21539.148, 8652.595, -3184.1697, 299.95312, 8338.341]
[-640.5721, 2063.1125, 1444.9685, 196.03516, -1410.7786, -702.3342, -4655.983, -3129.8757, -1012.4792, -5267.9814, -3807.7588, 7965.429, 2012.8081, 3886.9954, 986.14185, 459.48334, -885.44543, 1621.6036, -2645.8477, -2893.3245]
[-4395.896, -13237.033, -10505.374, -8903.552, -6026.3594, -2798.154, -872.152, 1383.3098, 4748.1187, 7892.749, 29356.95, 13312.1455, 5695.927, 16398.45, 5487.1777, -377.63885, 8455.135, -1138.6263, -5006.0645, -8586.99]
[-7624.2686, -7088.325, -3561.9734, -9167.454, 6249.6934, 4547.6123, -12669.515, -4091.2156, -1917.381, -3250.6965, -6064.477, -6894.908, -10425.713, -8868.868, -9830.505, -5222.9946, -3081.0718, -2485.9216, -1642.9662, -341.92892]
[-1001.5124, 5290.079, 5547.3896, 4302.0156, 1493.948, 5267.132, 3849.3276, 2211.5647, -8582.446, 1919.6445, 717.91644, -811.86017, -2146.7822, -9723.8, -2125.7097, -1113.2086, -2285.972, -1463.4442, -10537.579, -4979.6616]
[2065.2117, -3818.5132, 2804.0652, 4595.011, 2494.0037, 2078.4636, 1111.0193, -7355.5625, -324.3233, 1986.9453, -9368.927, -1050.3673, 4051.3064, 1791.508, 1370.3536, 260.70166, -776.8394, -1710.637, -2813.9983, -1755.4396]
[-2411.6924, -11825.932, -2555.266, -6284.821, -4364.8667, 1190.3895, 1250.257, 1022.09784, 710.981, 12.605844, -643.9553, -12599.054, -361.29044, -785.123, -1318.6804, -8341.106, -200.481, 515.8097, 88.62754, -432.91238]
[-933.6568, -1343.6687, -1487.4954, -626.3981, -1842.5597, 543.17206, 482.2199, -5669.8623, -1585.3306, 1335.3138, 628.24243, -3410.5923, 445.9998, -5236.9697, 336.3365, 640.42126, 1606.9644, 3223.6135, 2634.2964, 1761.7206]
[915.39453, 102.595345, -608.4146, -1192.709, -1049.0608, -1938.7192, -3368.457, -801.831, -6803.665, -365.70984, 17.243965, -2534.8665, 318.7209, -515.71063, 1540.174, 1483.5555, 1002.4932, -8750.364, 955.08844, 579.3928]
[121.508705, -6328.7207, 91.27347, -226.11368, -575.5509, -534.5457, -714.2706, -5709.0205, -10830.534, -5779.005, 188.06483, -4926.0415, -386.81036, 1303.4413, -780.3907, 1633.9733, -1741.2333, -5108.556, 3149.649, 2887.997]
[1246.6549, -6109.7217, -3659.8103, 758.50507, 1396.7294, 4075.056, 1703.1501, -271.39005, 243.56595, 2471.9624, 2087.359, -4351.318, 1698.8846, 1210.9952, -1463.2778, -2253.663, 299.56778, -9598.064, -206.42677, 2211.6313]
[363.89325, 1865.7388, -3367.1255, 923.2637, 537.7375, -679.51105, -1182.8202, 133.22237, -4035.7424, 54.73192, -3830.4907, -53.48403, -10640.311, -8152.99, -7494.784, 440.2947, 1214.1974, -11517.49, 2227.5796, 1460.682]
[862.7044, 1657.677, 947.83264, 285.8928, -2965.3796, 391.26453, -754.67566, -718.00104, -1824.8535, -584.5516, -591.27484, -1008.7278, -996.3983, -1158.6743, -7485.1646, -1971.6302, -224.71011, -94.41062, -137.59537, -298.9858]
[-1685.6716, -2457.5515, -1658.406, 249.00755, 48.671795, -258.06848, -6909.4917, -2875.3499, -90.839355, -40.005283, -5677.6143, 508.48352, 241.4487, 939.87964, -1659.9539, 975.2324, 696.8288, -10889.61, 2398.2173, 2191.9329]
[1761.2838, 1267.3302, -954.5569, -4656.51, -5660.3467, 2474.0022, 218.31294, 2500.4734, 2061.4387, 1217.1859, -17512.861, 1865.2245, 1693.2673, -524.19824, 482.40878, -897.25183, -2568.7346, -10401.186, -3326.686, -2082.5808]
[1330.6471, -9142.125, 1158.1187, 894.79333, 472.26804, 36.509434, -379.72556, -743.15094, -987.5984, -4982.091, -1790.1833, -2179.2996, -204.10152, -1511.7877, -1270.893, -6158.5137, -1319.4222, 2244.8625, -2526.68, 3095.9695]
[2608.0405, 2094.4773, 1594.3485, -9562.507, -4978.393, 1777.3466, 1301.6549, 677.6262, 223.25954, -5782.317, 70.461334, -3645.7983, -16304.576, 43.071396, -704.97845, 362.48236, 268.88272, 152.7778, -136.76376, -9518.769]
[-1213.6581, 1228.524, 375.49197, 1216.38, 46.536297, 1293.7286, -7807.861, 1325.5682, -281.86655, -8313.799, 83.86094, 2213.9749, 1887.0414, 1476.3093, 781.74225, -804.48987, -3297.5518, 630.3365, -801.419, 466.89075]
[359.1088, -1044.2555, -421.9427, -7382.492, -11728.56, -9312.499, -6111.2183, -19313.79, -10747.053, -10632.052, -4445.6064, -12467.8, -3334.1917, -15209.331, -17337.715, -19001.184, -23230.006, -11446.542, -9690.846, -6906.7217]
[-2788.5552, 8.065365, 23979.594, 30061.982, 11507.981, 14435.042, 32541.895, 4144.4873, 14171.358, 4445.816, -4986.5415, 14394.503, 9963.376, -8887.684, -10464.361, 430.5612, 5464.8843, 5368.0923, 4339.5396, 480.09116]
[4966.118, 10687.609, 8667.545, -11405.723, 26251.602, 21450.729, 36354.543, 42028.727, 20610.121, 12106.294, 14938.782, 10381.029, 6928.7046, 9010.578, -22350.97, -18613.838, -10700.438, -1148.7496, -12897.847, -645.1061]
[11787.444, 10275.03, 8047.68, 5938.206, 3959.3152, 2113.7546, -13377.096, -2406.4404, -3328.505, -4902.559, -5811.675, 2033.963, -8525.844, -13561.427, -21832.324, -15366.437, -25176.467, -21254.21, -6999.5684, -6371.3096]
[-5918.775, -5339.786, -6661.6714, -4041.5217, 5283.6147, 6564.099, 1967.1837, 10492.606, 16820.508, 20103.504, 19241.627, 9639.345, -6893.687, 9585.866, -3226.1838, 3874.2761, -3336.6133, 1716.8527, 4958.2812, 2841.3633]
[6638.487, 21018.008, 14137.823, 34282.562, 32303.18, 9891.728, -9173.1045, 828.95337, 37798.95, 36345.527, 32462.238, -3649.0125, -24494.455, -17082.088, -27292.69, -44947.33, -27202.238, -18967.43, -20920.908, -14506.519]
[22568.963, -9347.709, -3751.7625, 3511.9458, 7257.304, 15761.444, 19349.775, 26471.22, 40391.695, 20218.492, 16962.22, 36464.93, 11591.011, -9787.92, 4712.0786, -7754.7544, 6639.5674, 25375.838, 6953.3135, -13998.19]
[-6741.8706, -14255.182, -24769.596, -17743.055, -16750.156, -29942.334, -6305.08, 793.17914, 904.5023, 5091.75, -3332.8657, 7773.5317, 13397.381, 7747.786, 10888.451, 1285.814, 19912.855, 13279.918, 44995.207, 22737.156]
[33381.25, 30810.791, 8210.405, 13577.991, 17855.895, -5019.594, 8674.032, -11827.34, -490.78488, -8016.4478, 2424.3062, 404.37357, -2489.9412, -13319.643, -3435.267, -9022.006, -3539.4182, -4745.8047, -5934.368, -12033.319]
[-3349.3088, -4689.409, -774.58606, -8820.402, 1718.6154, -5693.3145, 2341.2195, -1006.7732, 2961.8647, -5297.9707, -3561.0376, 5171.8276, 4445.659, 1796.601, 2007.8357, 1059.3163, -124.703514, -2630.775, -2772.0984, -3519.0095]
[2580.663, 11202.684, 8840.597, 1791.0522, -1833.0579, -2416.41, -872.4134, -1209.1512, 203.32645, -785.6852, -664.93134, -252.24432, -542.2376, -911.8178, -376.08395, -225.94376, -703.71136, -40.19486, -532.4834, -1456.4371]
