[0000000000000000000000000000000000000000000000000000000000000000]
[0000000000000000000000000000000000000000000000000000000000000000]
[0000000000000000000000000000000000000000000000000000000000000000]
[0000000000000000000000000000000000000000000000000000000000000000]
[0000000000000000000000000000000000000000000000000000000000000000]
[0000000000000000000000000000000000000000000000000000000000000000]
[0000000000000000000000000000000000000000000000000000000000000000]
[00005300000000000000000000000000000000000000000000000000000000000]
[0000000000000000000000000000000000000000000000000000000000000000]
[0000000000000000000000000000000000000000000000000000000000000000]
[00000000000000000000075000000000000000000000000000000000000000000]
[0000000000000000000000000000000000000000000000000000000000000000]
[0000000000000000000000000000000000000000000000000000000000000000]
[0000000000000000000000000000000000000000000000000000000000000000]
[0000000000000000000000000000000000000000000000000000000000000000]
[0000000000000000000000000000000000000000000000000000000000000000]
[0000000000000000000000000000000000000000000000000000000000000000]
[0000000000000000000000000000000000000000000000000000000000000000]
[0000000000000000000000000000000000000000000000000000000000000000]
[0000000000000000000000000000000000000000000000000000000000000000]
[0000000000000000000000000000000000000000000000000000000000000000]
[0000000000000000000000000000000000000000000000000000000000000000]
[0000000000000000000000000000000000000000000000000000000000000000]
[0000000000000000000000000000000000000000000000000000000000000000]
[0000000000000000000000000000000000000000000000000000000000000000]
[0000000000000000000000000000000000000000000000000000000000000000]
[0000000000000000000000000000000000000000000000000000000000000000]
[00000000000000000000550000000000000000000000000000000000000000000]
[0000000000000000000000000000000000000000000000000000000000000000]
[0000000000000000000000000000000000000000000000000000000000000000]
[0000000000000000000000000000000000000000000000000000000000000000]
[0000000000000000000000000000000000000000000000000000000000000000]
[0000000000000000000000000000000000000000000000000000000000000000]
[0000000000000000000000000000000000000000000000000000000000000000]
[0000000000000000000000000000000000000000000000000000000000000000]
[0000000000000000000000000000000000000000000000000000000000000000]
[0000000000000000000000000000000000000000000000000000000000000000]
[0000000000000000000000000000000000000000000000000000000000000000]
[00000000000000000000000000039000000000000000000000000000000000000]
[0000000000000000000000000000000000000000000000000000000000000000]
[0000000000000000000000000000000000000000000000000000000000000000]
[0000000000000000000000000000000000000000000000000000000000000000]
[0000000000000000000000000000000000000000000000000000000000000000]
[0000000000000000000000000000000000000000000000000000000000000000]
[0000000000000000000000000000000000000000000000000000000000000000]
[0000000000000000000000000000000000000000000000000000000000000000]
[0000000000000000000000000000000000000000000000000000000000000000]
[012100000000000000000000000000000000000000000000000000000000000000]
[0000000000000000000000000000000000000000000000000000000000000000]
[00000000000000000000000028000000000000000000000000000000000000000]
[0000000000000000000000000000000000000000000000000000000000000000]
[0000000000000000000000000000000000000000000000000000000000000000]
[0000000000000000000000000000000000000000000000000000000000000000]
[00000000000000000000000065000000000000000000000000000000000000000]
[00000000000000000000000000000067000000000000000000000000000000000]
[0000000000000000000000000000000000000000000000000000000000000000]
[0000000000000000000000000000000000000000000000000000000000000000]
[0000000000000000000000000000000000000000000000000000000000000000]
[0000000000000000000000000000000000000000000000000000000000000000]
[0000000000000000000000000000000000000000000000000000000000000000]
[0000000000000000000000000000000000000000000000000000000000000000]
[0000000000000000000000000000000000000000000000000000000000000000]
[0000000000000000000000000000000000000000000000000000000000000000]
[0000000000000000000000000000000000000000000000000000000000000000]
